Overlapping trips in two clusters: 9 9 Trips:  986 987
Overlapping trips in two clusters: 9 9 Trips:  987 986
9
error
Overlapping trips in two clusters: 8 8 Trips:  3881 3884
Overlapping trips in two clusters: 8 8 Trips:  3884 3881
8
error
Overlapping trips in two clusters: 14 14 Trips:  5426 5428
Overlapping trips in two clusters: 14 14 Trips:  5428 5426
14
error
Overlapping trips in two clusters: 7 7 Trips:  3702 3703
Overlapping trips in two clusters: 7 7 Trips:  3703 3702
7
error
Overlapping trips in two clusters: 12 12 Trips:  6913 6919
Overlapping trips in two clusters: 12 12 Trips:  6919 6913
12
error
Overlapping trips in two clusters: 143 143 Trips:  4880 4886
Overlapping trips in two clusters: 143 143 Trips:  4886 4880
143
error
Overlapping trips in two clusters: 173 173 Trips:  1673 1674
Overlapping trips in two clusters: 173 173 Trips:  1674 1673
173
error
Overlapping trips in two clusters: 30 30 Trips:  6620 6628
Overlapping trips in two clusters: 30 30 Trips:  6628 6620
30
error
Overlapping trips in two clusters: 17 17 Trips:  6369 6380
Overlapping trips in two clusters: 17 17 Trips:  6380 6369
17
error
Overlapping trips in two clusters: 57 57 Trips:  5033 5044
Overlapping trips in two clusters: 57 57 Trips:  5044 5033
57
error
Overlapping trips in two clusters: 25 25 Trips:  5462 5466
Overlapping trips in two clusters: 25 25 Trips:  5466 5462
25
error
Min Sim threshold: 6.350409351235886

Next Iteration:  1
New links of clusters:
Nr of links that are equal to one of max values:  2128
[(17.102752600198226, 441, 442), (17.566483577816214, 348, 2582), (17.102752600198226, 442, 441), (17.102752600198226, 430, 442), (21.040083017298, 2561, 131), (17.102752600198226, 430, 441), (32.21689060493767, 350, 351), (19.61746457256204, 22, 2344), (17.102752600198226, 428, 444), (19.15558598958496, 2276, 2311), (17.102752600198226, 430, 428), (21.040083017298, 1147, 161), (17.102752600198226, 442, 438), (17.102752600198226, 428, 441), (17.102752600198226, 444, 438), (20.952409393353474, 2292, 2308), (20.952409393353474, 992, 1132), (17.102752600198226, 441, 448), (19.61746457256204, 22, 1659), (17.102752600198226, 428, 430), (16.108445302468834, 352, 350), (16.536866030874016, 2136, 2127), (17.102752600198226, 444, 448), (16.108445302468834, 350, 352), (20.952409393353474, 1132, 992), (19.61746457256204, 232, 2017), (17.102752600198226, 444, 441), (15.691058297276047, 620, 613), (17.102752600198226, 441, 430), (17.102752600198226, 438, 441), (24.292853319464534, 2219, 2220), (16.536866030874016, 2127, 2136), (18.49206318293684, 5, 217), (18.49206318293684, 237, 1308), (17.566483577816214, 2046, 136), (16.783917348578917, 112, 110), (17.102752600198226, 428, 442), (19.61746457256204, 2017, 232), (17.566483577816214, 2059, 136), (17.102752600198226, 430, 438), (17.102752600198226, 448, 442), (17.102752600198226, 448, 438), (21.040083017298, 161, 1147), (16.108445302468834, 352, 351), (18.49206318293684, 1752, 237), (35.13296715563243, 347, 348), (17.566483577816214, 136, 2046), (19.61746457256204, 2344, 22), (16.783917348578917, 110, 112), (18.49206318293684, 475, 5), (17.102752600198226, 442, 448), (17.102752600198226, 444, 442), (21.040083017298, 131, 2561), (17.102752600198226, 430, 448), (17.102752600198226, 438, 430), (19.61746457256204, 482, 232), (16.783917348578917, 112, 39), (17.102752600198226, 428, 448), (16.108445302468834, 351, 352), (32.21689060493767, 351, 350), (17.102752600198226, 448, 441), (17.566483577816214, 347, 2582), (19.15558598958496, 2311, 2276), (18.49206318293684, 5, 376), (21.299337384969135, 1129, 984), (17.102752600198226, 441, 428), (17.102752600198226, 430, 444), (18.49206318293684, 5, 475), (17.102752600198226, 442, 428), (21.299337384969135, 984, 1129), (17.566483577816214, 136, 2059), (18.49206318293684, 376, 5), (18.49206318293684, 237, 1752), (15.691058297276047, 620, 612), (17.102752600198226, 444, 428), (17.102752600198226, 442, 444), (17.102752600198226, 441, 444), (17.102752600198226, 428, 438), (17.102752600198226, 444, 430), (17.102752600198226, 448, 444), (17.102752600198226, 448, 428), (17.102752600198226, 441, 438), (17.102752600198226, 438, 444), (17.102752600198226, 442, 430), (17.566483577816214, 2582, 347), (35.13296715563243, 348, 347), (17.102752600198226, 438, 442), (19.61746457256204, 1659, 22), (16.783917348578917, 39, 112), (17.566483577816214, 2582, 348), (17.102752600198226, 438, 448), (20.952409393353474, 2308, 2292), (18.49206318293684, 1308, 237), (24.292853319464534, 2220, 2219), (15.691058297276047, 617, 620), (15.691058297276047, 620, 617), (17.102752600198226, 438, 428), (17.102752600198226, 448, 430), (19.61746457256204, 232, 482), (18.49206318293684, 217, 5)]
[(17.102752600198226, 441, 442), (17.566483577816214, 348, 2582), (17.102752600198226, 442, 441), (17.102752600198226, 430, 442), (21.040083017298, 2561, 131), (17.102752600198226, 430, 441), (32.21689060493767, 350, 351), (19.61746457256204, 22, 2344), (17.102752600198226, 428, 444), (19.15558598958496, 2276, 2311), (17.102752600198226, 430, 428), (21.040083017298, 1147, 161), (17.102752600198226, 442, 438), (17.102752600198226, 428, 441), (17.102752600198226, 444, 438), (20.952409393353474, 2292, 2308), (20.952409393353474, 992, 1132), (17.102752600198226, 441, 448), (19.61746457256204, 22, 1659), (17.102752600198226, 428, 430), (16.108445302468834, 352, 350), (16.536866030874016, 2136, 2127), (17.102752600198226, 444, 448), (16.108445302468834, 350, 352), (20.952409393353474, 1132, 992), (19.61746457256204, 232, 2017), (17.102752600198226, 444, 441), (15.691058297276047, 620, 613), (17.102752600198226, 441, 430), (17.102752600198226, 438, 441), (24.292853319464534, 2219, 2220), (16.536866030874016, 2127, 2136), (18.49206318293684, 5, 217), (18.49206318293684, 237, 1308), (17.566483577816214, 2046, 136), (16.783917348578917, 112, 110), (17.102752600198226, 428, 442), (19.61746457256204, 2017, 232), (17.566483577816214, 2059, 136), (17.102752600198226, 430, 438), (17.102752600198226, 448, 442), (17.102752600198226, 448, 438), (21.040083017298, 161, 1147), (16.108445302468834, 352, 351), (18.49206318293684, 1752, 237), (35.13296715563243, 347, 348), (17.566483577816214, 136, 2046), (19.61746457256204, 2344, 22), (16.783917348578917, 110, 112), (18.49206318293684, 475, 5), (17.102752600198226, 442, 448), (17.102752600198226, 444, 442), (21.040083017298, 131, 2561), (17.102752600198226, 430, 448), (17.102752600198226, 438, 430), (19.61746457256204, 482, 232), (16.783917348578917, 112, 39), (17.102752600198226, 428, 448), (16.108445302468834, 351, 352), (32.21689060493767, 351, 350), (17.102752600198226, 448, 441), (17.566483577816214, 347, 2582), (19.15558598958496, 2311, 2276), (18.49206318293684, 5, 376), (21.299337384969135, 1129, 984), (17.102752600198226, 441, 428), (17.102752600198226, 430, 444), (18.49206318293684, 5, 475), (17.102752600198226, 442, 428), (21.299337384969135, 984, 1129), (17.566483577816214, 136, 2059), (18.49206318293684, 376, 5), (18.49206318293684, 237, 1752), (15.691058297276047, 620, 612), (17.102752600198226, 444, 428), (17.102752600198226, 442, 444), (17.102752600198226, 441, 444), (17.102752600198226, 428, 438), (17.102752600198226, 444, 430), (17.102752600198226, 448, 444), (17.102752600198226, 448, 428), (17.102752600198226, 441, 438), (17.102752600198226, 438, 444), (17.102752600198226, 442, 430), (17.566483577816214, 2582, 347), (35.13296715563243, 348, 347), (17.102752600198226, 438, 442), (19.61746457256204, 1659, 22), (16.783917348578917, 39, 112), (17.566483577816214, 2582, 348), (17.102752600198226, 438, 448), (20.952409393353474, 2308, 2292), (18.49206318293684, 1308, 237), (24.292853319464534, 2220, 2219), (15.691058297276047, 617, 620), (15.691058297276047, 620, 617), (17.102752600198226, 438, 428), (17.102752600198226, 448, 430), (19.61746457256204, 232, 482), (18.49206318293684, 217, 5)]
349 348
348 349
352 351
351 352
2221 2220
2220 2221
1130 985
985 1130
2562 132
1148 162
162 1148
132 2562
2309 2293
2293 2309
1133 993
993 1133
2345 23
2018 233
1660 23
483 233
233 2018
233 483
23 2345
23 1660
2312 2277
2277 2312
1753 238
1309 238
476 6
377 6
238 1753
238 1309
218 6
6 476
6 377
6 218
2583 349
2583 348
2060 137
2047 137
349 2583
348 2583
137 2060
137 2047
449 445
449 443
449 442
449 439
449 431
449 429
445 449
445 443
445 442
445 439
445 431
445 429
443 449
443 445
443 442
443 439
443 431
443 429
442 449
442 445
442 443
442 439
442 431
442 429
439 449
439 445
439 443
439 442
439 431
439 429
431 449
431 445
431 443
431 442
431 439
431 429
429 449
429 445
429 443
429 442
429 439
429 431
113 111
113 40
111 113
40 113
2137 2128
2128 2137
353 352
353 351
352 353
351 353
621 618
621 614
621 613
618 621
Homogeneity: 0.898
Completeness: 0.508
V-measure: 0.649
Rand index: 0.968
ARI: 0.261
MI: 3.325
NMI: 0.649
AMI: 0.382
Cluster accuracy: 0.296
Iteration 1 done.  2592 clusters left.

Next Iteration:  2
New links of clusters:
Nr of links that are equal to one of max values:  3072
[(15.443458682583596, 227, 232), (15.443458682583596, 2533, 2534), (14.446808980057808, 2409, 2531), (15.443458682583596, 232, 227), (14.019760559333527, 655, 650), (15.443458682583596, 1284, 232), (15.443458682583596, 2533, 2535), (14.019760559333527, 652, 655), (14.446808980057808, 2534, 2531), (14.019760559333527, 668, 659), (14.019760559333527, 967, 907), (14.019760559333527, 964, 907), (13.63008737529811, 635, 307), (14.019760559333527, 659, 662), (13.63008737529811, 307, 537), (12.94181823513499, 2475, 2332), (13.63008737529811, 307, 635), (15.443458682583596, 1285, 232), (14.019760559333527, 907, 1673), (14.446808980057808, 2531, 2528), (14.019760559333527, 1287, 655), (15.443458682583596, 2533, 1125), (14.019760559333527, 907, 964), (14.019760559333527, 1671, 907), (14.019760559333527, 907, 967), (15.443458682583596, 2533, 1995), (14.446808980057808, 2531, 2534), (14.019760559333527, 1673, 907), (14.019760559333527, 649, 659), (14.019760559333527, 659, 668), (15.443458682583596, 2534, 2533), (14.019760559333527, 1302, 659), (15.443458682583596, 232, 1284), (14.446808980057808, 2531, 2530), (15.443458682583596, 232, 2269), (14.019760559333527, 649, 655), (15.144541528109013, 116, 307), (15.443458682583596, 2424, 2533), (13.63008737529811, 532, 307), (14.446808980057808, 2531, 2408), (13.63008737529811, 307, 535), (14.019760559333527, 1991, 655), (14.019760559333527, 666, 659), (14.019760559333527, 662, 659), (13.63008737529811, 244, 307), (14.019760559333527, 655, 1991), (14.019760559333527, 654, 655), (13.63008737529811, 569, 307), (14.446808980057808, 2531, 2409), (15.443458682583596, 2533, 2424), (14.019760559333527, 659, 666), (13.63008737529811, 307, 570), (13.63008737529811, 586, 307), (14.019760559333527, 655, 654), (13.63008737529811, 307, 532), (14.446808980057808, 2530, 2531), (14.446808980057808, 2528, 2531), (13.63008737529811, 568, 307), (13.63008737529811, 307, 586), (14.019760559333527, 657, 655), (12.94181823513499, 2334, 2332), (12.94181823513499, 2332, 2475), (14.019760559333527, 655, 649), (14.446808980057808, 332, 2531), (14.019760559333527, 659, 661), (14.019760559333527, 650, 655), (13.63008737529811, 307, 568), (15.443458682583596, 232, 1285), (13.63008737529811, 307, 569), (15.443458682583596, 2535, 2533), (15.443458682583596, 2269, 232), (14.446808980057808, 2531, 332), (14.019760559333527, 659, 649), (15.144541528109013, 307, 116), (14.019760559333527, 1511, 907), (14.019760559333527, 655, 653), (14.019760559333527, 659, 658), (14.019760559333527, 655, 652), (13.63008737529811, 535, 307), (13.63008737529811, 537, 307), (14.019760559333527, 907, 1511), (14.019760559333527, 655, 663), (14.019760559333527, 661, 659), (14.019760559333527, 907, 1671), (15.443458682583596, 1125, 2533), (14.019760559333527, 653, 655), (14.019760559333527, 655, 657), (14.019760559333527, 655, 1287), (14.019760559333527, 907, 682), (14.019760559333527, 663, 655), (14.446808980057808, 2408, 2531), (14.019760559333527, 253, 659), (14.019760559333527, 659, 253), (14.019760559333527, 682, 907), (12.94181823513499, 2332, 2334), (14.019760559333527, 659, 1302), (13.63008737529811, 570, 307), (15.443458682583596, 1995, 2533), (13.63008737529811, 307, 244), (14.019760559333527, 658, 659)]
[(15.443458682583596, 227, 232), (15.443458682583596, 2533, 2534), (14.446808980057808, 2409, 2531), (15.443458682583596, 232, 227), (14.019760559333527, 655, 650), (15.443458682583596, 1284, 232), (15.443458682583596, 2533, 2535), (14.019760559333527, 652, 655), (14.446808980057808, 2534, 2531), (14.019760559333527, 668, 659), (14.019760559333527, 967, 907), (14.019760559333527, 964, 907), (13.63008737529811, 635, 307), (14.019760559333527, 659, 662), (13.63008737529811, 307, 537), (12.94181823513499, 2475, 2332), (13.63008737529811, 307, 635), (15.443458682583596, 1285, 232), (14.019760559333527, 907, 1673), (14.446808980057808, 2531, 2528), (14.019760559333527, 1287, 655), (15.443458682583596, 2533, 1125), (14.019760559333527, 907, 964), (14.019760559333527, 1671, 907), (14.019760559333527, 907, 967), (15.443458682583596, 2533, 1995), (14.446808980057808, 2531, 2534), (14.019760559333527, 1673, 907), (14.019760559333527, 649, 659), (14.019760559333527, 659, 668), (15.443458682583596, 2534, 2533), (14.019760559333527, 1302, 659), (15.443458682583596, 232, 1284), (14.446808980057808, 2531, 2530), (15.443458682583596, 232, 2269), (14.019760559333527, 649, 655), (15.144541528109013, 116, 307), (15.443458682583596, 2424, 2533), (13.63008737529811, 532, 307), (14.446808980057808, 2531, 2408), (13.63008737529811, 307, 535), (14.019760559333527, 1991, 655), (14.019760559333527, 666, 659), (14.019760559333527, 662, 659), (13.63008737529811, 244, 307), (14.019760559333527, 655, 1991), (14.019760559333527, 654, 655), (13.63008737529811, 569, 307), (14.446808980057808, 2531, 2409), (15.443458682583596, 2533, 2424), (14.019760559333527, 659, 666), (13.63008737529811, 307, 570), (13.63008737529811, 586, 307), (14.019760559333527, 655, 654), (13.63008737529811, 307, 532), (14.446808980057808, 2530, 2531), (14.446808980057808, 2528, 2531), (13.63008737529811, 568, 307), (13.63008737529811, 307, 586), (14.019760559333527, 657, 655), (12.94181823513499, 2334, 2332), (12.94181823513499, 2332, 2475), (14.019760559333527, 655, 649), (14.446808980057808, 332, 2531), (14.019760559333527, 659, 661), (14.019760559333527, 650, 655), (13.63008737529811, 307, 568), (15.443458682583596, 232, 1285), (13.63008737529811, 307, 569), (15.443458682583596, 2535, 2533), (15.443458682583596, 2269, 232), (14.446808980057808, 2531, 332), (14.019760559333527, 659, 649), (15.144541528109013, 307, 116), (14.019760559333527, 1511, 907), (14.019760559333527, 655, 653), (14.019760559333527, 659, 658), (14.019760559333527, 655, 652), (13.63008737529811, 535, 307), (13.63008737529811, 537, 307), (14.019760559333527, 907, 1511), (14.019760559333527, 655, 663), (14.019760559333527, 661, 659), (14.019760559333527, 907, 1671), (15.443458682583596, 1125, 2533), (14.019760559333527, 653, 655), (14.019760559333527, 655, 657), (14.019760559333527, 655, 1287), (14.019760559333527, 907, 682), (14.019760559333527, 663, 655), (14.446808980057808, 2408, 2531), (14.019760559333527, 253, 659), (14.019760559333527, 659, 253), (14.019760559333527, 682, 907), (12.94181823513499, 2332, 2334), (14.019760559333527, 659, 1302), (13.63008737529811, 570, 307), (15.443458682583596, 1995, 2533), (13.63008737529811, 307, 244), (14.019760559333527, 658, 659)]
2569 2567
2568 2567
2567 2569
2567 2568
2567 2457
2567 2021
2567 1146
2457 2567
2299 236
2021 2567
1307 236
1306 236
1146 2567
236 2299
236 1307
236 1306
236 231
231 236
311 119
119 311
2568 2565
2565 2568
2565 2564
2565 2561
2565 2442
2565 2441
2565 336
2564 2565
2561 2565
2442 2565
2441 2565
336 2565
2016 674
1697 926
1695 926
1534 926
1325 678
1310 674
986 926
983 926
926 1697
926 1695
926 1534
926 986
926 983
926 701
701 926
687 678
685 678
682 674
681 678
680 678
678 1325
678 687
678 685
678 681
678 680
678 677
678 668
678 257
677 678
676 674
674 2016
674 1310
674 682
674 676
674 673
674 672
674 671
674 669
674 668
673 674
672 674
671 674
669 674
668 678
668 674
257 678
654 311
602 311
586 311
585 311
584 311
553 311
551 311
548 311
311 654
311 602
311 586
311 585
311 584
311 553
311 551
311 548
311 248
248 311
2508 2365
2367 2365
2365 2508
2365 2367
Homogeneity: 0.896
Completeness: 0.508
V-measure: 0.648
Rand index: 0.968
ARI: 0.261
MI: 3.316
NMI: 0.648
AMI: 0.385
Cluster accuracy: 0.297
Iteration 2 done.  2545 clusters left.

Next Iteration:  3
New links of clusters:
Nr of links that are equal to one of max values:  2720
[(12.258746293244911, 2170, 2154), (12.258746293244911, 2134, 2154), (12.84888708515553, 258, 855), (12.84888708515553, 258, 853), (12.23656723436945, 2517, 2542), (12.84888708515553, 258, 1020), (12.23656723436945, 2542, 2515), (12.84888708515553, 1020, 258), (12.258746293244911, 2093, 2154), (12.258746293244911, 2321, 2154), (12.23656723436945, 2517, 2535), (12.84888708515553, 258, 75), (11.992493313141711, 742, 727), (11.992493313141711, 742, 834), (11.992493313141711, 744, 742), (12.84888708515553, 258, 856), (12.84888708515553, 901, 258), (11.992493313141711, 742, 1302), (12.258746293244911, 2154, 2132), (11.992493313141711, 742, 726), (12.258746293244911, 2154, 2179), (12.84888708515553, 258, 1019), (12.84888708515553, 75, 258), (12.84888708515553, 258, 1026), (12.84888708515553, 902, 258), (12.258746293244911, 2154, 2133), (12.23656723436945, 2517, 2531), (11.992493313141711, 748, 742), (12.258746293244911, 2178, 2154), (12.258746293244911, 2154, 2178), (12.258746293244911, 2129, 2154), (12.258746293244911, 2154, 1235), (12.84888708515553, 853, 258), (12.84888708515553, 258, 854), (12.84888708515553, 857, 258), (12.23656723436945, 2515, 2542), (12.258746293244911, 2154, 1304), (12.258746293244911, 2154, 2155), (12.84888708515553, 258, 901), (12.23656723436945, 2531, 2542), (11.992493313141711, 746, 742), (12.258746293244911, 2132, 2154), (11.992493313141711, 1302, 742), (11.992493313141711, 742, 744), (12.23656723436945, 2517, 2515), (12.258746293244911, 2154, 2209), (12.84888708515553, 1019, 258), (12.258746293244911, 1235, 2154), (12.258746293244911, 2154, 2129), (12.258746293244911, 2154, 2135), (11.992493313141711, 745, 742), (12.258746293244911, 2130, 2154), (11.992493313141711, 742, 908), (12.23656723436945, 2535, 2517), (11.992493313141711, 742, 743), (11.992493313141711, 742, 914), (12.258746293244911, 1304, 2154), (12.258746293244911, 2209, 2154), (11.992493313141711, 1020, 742), (12.84888708515553, 854, 258), (12.258746293244911, 2154, 2093), (12.23656723436945, 2542, 2535), (12.258746293244911, 2154, 2134), (11.992493313141711, 742, 733), (11.992493313141711, 834, 742), (12.23656723436945, 2542, 2517), (12.23656723436945, 2542, 2531), (12.258746293244911, 2154, 2170), (12.84888708515553, 855, 258), (11.992493313141711, 742, 746), (11.992493313141711, 914, 742), (11.992493313141711, 743, 742), (12.84888708515553, 258, 857), (12.23656723436945, 2515, 2535), (12.258746293244911, 2179, 2154), (12.23656723436945, 2515, 2517), (12.23656723436945, 2515, 2531), (12.23656723436945, 2531, 2515), (12.258746293244911, 2155, 2154), (12.258746293244911, 2152, 2154), (12.258746293244911, 2154, 2152), (12.84888708515553, 856, 258), (12.84888708515553, 1026, 258), (12.258746293244911, 2154, 2321), (12.84888708515553, 258, 779), (12.23656723436945, 2531, 2535), (12.258746293244911, 2154, 2130), (11.992493313141711, 908, 742), (11.992493313141711, 742, 745), (12.23656723436945, 2531, 2517), (12.258746293244911, 2135, 2154), (12.258746293244911, 2133, 2154), (11.992493313141711, 742, 1020), (12.84888708515553, 258, 902), (11.992493313141711, 742, 748), (11.992493313141711, 742, 735), (12.84888708515553, 779, 258), (12.23656723436945, 2535, 2542), (12.23656723436945, 2535, 2531), (12.23656723436945, 2535, 2515)]
[(12.258746293244911, 2170, 2154), (12.258746293244911, 2134, 2154), (12.84888708515553, 258, 855), (12.84888708515553, 258, 853), (12.23656723436945, 2517, 2542), (12.84888708515553, 258, 1020), (12.23656723436945, 2542, 2515), (12.84888708515553, 1020, 258), (12.258746293244911, 2093, 2154), (12.258746293244911, 2321, 2154), (12.23656723436945, 2517, 2535), (12.84888708515553, 258, 75), (11.992493313141711, 742, 727), (11.992493313141711, 742, 834), (11.992493313141711, 744, 742), (12.84888708515553, 258, 856), (12.84888708515553, 901, 258), (11.992493313141711, 742, 1302), (12.258746293244911, 2154, 2132), (11.992493313141711, 742, 726), (12.258746293244911, 2154, 2179), (12.84888708515553, 258, 1019), (12.84888708515553, 75, 258), (12.84888708515553, 258, 1026), (12.84888708515553, 902, 258), (12.258746293244911, 2154, 2133), (12.23656723436945, 2517, 2531), (11.992493313141711, 748, 742), (12.258746293244911, 2178, 2154), (12.258746293244911, 2154, 2178), (12.258746293244911, 2129, 2154), (12.258746293244911, 2154, 1235), (12.84888708515553, 853, 258), (12.84888708515553, 258, 854), (12.84888708515553, 857, 258), (12.23656723436945, 2515, 2542), (12.258746293244911, 2154, 1304), (12.258746293244911, 2154, 2155), (12.84888708515553, 258, 901), (12.23656723436945, 2531, 2542), (11.992493313141711, 746, 742), (12.258746293244911, 2132, 2154), (11.992493313141711, 1302, 742), (11.992493313141711, 742, 744), (12.23656723436945, 2517, 2515), (12.258746293244911, 2154, 2209), (12.84888708515553, 1019, 258), (12.258746293244911, 1235, 2154), (12.258746293244911, 2154, 2129), (12.258746293244911, 2154, 2135), (11.992493313141711, 745, 742), (12.258746293244911, 2130, 2154), (11.992493313141711, 742, 908), (12.23656723436945, 2535, 2517), (11.992493313141711, 742, 743), (11.992493313141711, 742, 914), (12.258746293244911, 1304, 2154), (12.258746293244911, 2209, 2154), (11.992493313141711, 1020, 742), (12.84888708515553, 854, 258), (12.258746293244911, 2154, 2093), (12.23656723436945, 2542, 2535), (12.258746293244911, 2154, 2134), (11.992493313141711, 742, 733), (11.992493313141711, 834, 742), (12.23656723436945, 2542, 2517), (12.23656723436945, 2542, 2531), (12.258746293244911, 2154, 2170), (12.84888708515553, 855, 258), (11.992493313141711, 742, 746), (11.992493313141711, 914, 742), (11.992493313141711, 743, 742), (12.84888708515553, 258, 857), (12.23656723436945, 2515, 2535), (12.258746293244911, 2179, 2154), (12.23656723436945, 2515, 2517), (12.23656723436945, 2515, 2531), (12.23656723436945, 2531, 2515), (12.258746293244911, 2155, 2154), (12.258746293244911, 2152, 2154), (12.258746293244911, 2154, 2152), (12.84888708515553, 856, 258), (12.84888708515553, 1026, 258), (12.258746293244911, 2154, 2321), (12.84888708515553, 258, 779), (12.23656723436945, 2531, 2535), (12.258746293244911, 2154, 2130), (11.992493313141711, 908, 742), (11.992493313141711, 742, 745), (12.23656723436945, 2531, 2517), (12.258746293244911, 2135, 2154), (12.258746293244911, 2133, 2154), (11.992493313141711, 742, 1020), (12.84888708515553, 258, 902), (11.992493313141711, 742, 748), (11.992493313141711, 742, 735), (12.84888708515553, 779, 258), (12.23656723436945, 2535, 2542), (12.23656723436945, 2535, 2531), (12.23656723436945, 2535, 2515)]
1072 264
1066 264
1065 264
946 264
945 264
900 264
899 264
898 264
897 264
896 264
822 264
264 1072
264 1066
264 1065
264 946
264 945
264 900
264 899
264 898
264 897
264 896
264 822
264 77
77 264
2393 2220
2276 2220
2246 2220
2245 2220
2237 2220
2222 2220
2220 2393
2220 2276
2220 2246
2220 2245
2220 2237
2220 2222
2220 2218
2220 2201
2220 2200
2220 2199
2220 2198
2220 2196
2220 2195
2220 2159
2220 1359
2220 1285
2218 2220
2201 2220
2200 2220
2199 2220
2198 2220
2196 2220
2195 2220
2159 2220
1359 2220
1285 2220
2624 2617
2624 2613
2624 2599
2624 2597
2617 2624
2617 2613
2617 2599
2617 2597
2613 2624
2613 2617
2613 2599
2613 2597
2599 2624
2599 2617
2599 2613
2599 2597
2597 2624
2597 2617
2597 2613
2597 2599
1357 785
1066 785
958 785
952 785
877 785
791 785
789 785
788 785
787 785
786 785
785 1357
785 1066
785 958
785 952
785 877
785 791
785 789
785 788
785 787
785 786
785 778
785 776
785 770
785 769
Homogeneity: 0.892
Completeness: 0.508
V-measure: 0.647
Rand index: 0.968
ARI: 0.261
MI: 3.302
NMI: 0.647
AMI: 0.386
Cluster accuracy: 0.299
Iteration 3 done.  2500 clusters left.

Next Iteration:  4
New links of clusters:
Nr of links that are equal to one of max values:  6548
[(11.307864687886498, 264, 1791), (11.656306772911059, 2248, 2219), (11.656306772911059, 2255, 2219), (11.307864687886498, 308, 280), (11.307864687886498, 1070, 232), (11.496189557537887, 150, 31), (11.656306772911059, 2219, 2231), (11.307864687886498, 316, 313), (11.656306772911059, 283, 2219), (11.307864687886498, 301, 374), (11.307864687886498, 1904, 261), (11.656306772911059, 2219, 2272), (11.496189557537887, 377, 31), (11.656306772911059, 305, 2219), (11.307864687886498, 455, 85), (11.307864687886498, 260, 1720), (11.307864687886498, 349, 2438), (11.307864687886498, 313, 316), (11.656306772911059, 2219, 305), (11.307864687886498, 537, 54), (11.656306772911059, 282, 2219), (11.307864687886498, 270, 2107), (11.307864687886498, 2284, 2285), (11.307864687886498, 2286, 2287), (11.307864687886498, 2421, 335), (11.496189557537887, 31, 377), (11.307864687886498, 261, 1904), (11.307864687886498, 2285, 2284), (11.307864687886498, 280, 308), (11.496189557537887, 381, 31), (11.656306772911059, 2219, 2255), (11.307864687886498, 335, 2421), (11.307864687886498, 1162, 1272), (11.656306772911059, 2219, 2251), (11.307864687886498, 834, 942), (11.307864687886498, 271, 252), (11.307864687886498, 285, 487), (11.656306772911059, 2232, 2219), (11.307864687886498, 1272, 1162), (11.656306772911059, 2219, 282), (11.656306772911059, 2234, 2219), (11.656306772911059, 2219, 2220), (11.307864687886498, 551, 319), (11.656306772911059, 2220, 2219), (11.307864687886498, 2249, 546), (11.307864687886498, 1928, 281), (11.307864687886498, 2086, 2124), (11.307864687886498, 620, 110), (11.307864687886498, 2448, 164), (11.656306772911059, 2221, 2219), (11.307864687886498, 2287, 2286), (11.496189557537887, 31, 150), (11.307864687886498, 569, 511), (11.307864687886498, 487, 285), (11.307864687886498, 937, 110), (11.307864687886498, 546, 2249), (11.307864687886498, 603, 71), (11.307864687886498, 462, 215), (11.307864687886498, 591, 262), (11.307864687886498, 1747, 1643), (11.307864687886498, 533, 1271), (11.307864687886498, 281, 1928), (11.307864687886498, 334, 244), (11.307864687886498, 268, 226), (11.307864687886498, 511, 569), (11.307864687886498, 262, 591), (11.307864687886498, 942, 834), (11.656306772911059, 2231, 2219), (11.656306772911059, 2219, 2234), (11.307864687886498, 303, 200), (11.307864687886498, 289, 240), (11.307864687886498, 1652, 629), (11.307864687886498, 2148, 76), (11.307864687886498, 2124, 2086), (11.307864687886498, 1720, 260), (11.307864687886498, 1271, 533), (11.656306772911059, 2233, 2219), (11.307864687886498, 319, 551), (11.656306772911059, 2272, 2219), (11.307864687886498, 1643, 1747), (11.496189557537887, 31, 381), (11.656306772911059, 2219, 2221), (11.307864687886498, 463, 2281), (11.307864687886498, 629, 1652), (11.307864687886498, 2107, 270), (11.307864687886498, 2281, 463), (11.496189557537887, 31, 376), (11.307864687886498, 412, 1238), (11.307864687886498, 374, 301), (11.656306772911059, 2251, 2219), (11.307864687886498, 1791, 264), (11.656306772911059, 2219, 283), (11.307864687886498, 2438, 349), (11.496189557537887, 376, 31), (11.656306772911059, 2219, 2232), (11.307864687886498, 2236, 252), (11.656306772911059, 2219, 2248), (11.656306772911059, 2219, 2233), (11.307864687886498, 1238, 412), (11.307864687886498, 316, 219)]
Overlapping trips in two clusters: 1991 268 Trips:  2042 2043
Overlapping trips in two clusters: 268 1991 Trips:  2043 2042
Overlapping trips in two clusters: 2570 167 Trips:  2265 2264
[(11.307864687886498, 264, 1791), (11.656306772911059, 2248, 2219), (11.656306772911059, 2255, 2219), (11.307864687886498, 308, 280), (11.307864687886498, 1070, 232), (11.496189557537887, 150, 31), (11.656306772911059, 2219, 2231), (11.307864687886498, 316, 313), (11.656306772911059, 283, 2219), (11.307864687886498, 301, 374), (5.653932343943249, 1904, 261), (11.656306772911059, 2219, 2272), (11.496189557537887, 377, 31), (11.656306772911059, 305, 2219), (11.307864687886498, 455, 85), (11.307864687886498, 260, 1720), (11.307864687886498, 349, 2438), (11.307864687886498, 313, 316), (11.656306772911059, 2219, 305), (11.307864687886498, 537, 54), (11.656306772911059, 282, 2219), (11.307864687886498, 270, 2107), (11.307864687886498, 2284, 2285), (11.307864687886498, 2286, 2287), (11.307864687886498, 2421, 335), (11.496189557537887, 31, 377), (5.653932343943249, 261, 1904), (11.307864687886498, 2285, 2284), (11.307864687886498, 280, 308), (11.496189557537887, 381, 31), (11.656306772911059, 2219, 2255), (11.307864687886498, 335, 2421), (11.307864687886498, 1162, 1272), (11.656306772911059, 2219, 2251), (11.307864687886498, 834, 942), (11.307864687886498, 271, 252), (11.307864687886498, 285, 487), (11.656306772911059, 2232, 2219), (11.307864687886498, 1272, 1162), (11.656306772911059, 2219, 282), (11.656306772911059, 2234, 2219), (11.656306772911059, 2219, 2220), (11.307864687886498, 551, 319), (11.656306772911059, 2220, 2219), (11.307864687886498, 2249, 546), (11.307864687886498, 1928, 281), (11.307864687886498, 2086, 2124), (11.307864687886498, 620, 110), (5.653932343943249, 2448, 164), (11.656306772911059, 2221, 2219), (11.307864687886498, 2287, 2286), (11.496189557537887, 31, 150), (11.307864687886498, 569, 511), (11.307864687886498, 487, 285), (11.307864687886498, 937, 110), (11.307864687886498, 546, 2249), (11.307864687886498, 603, 71), (11.307864687886498, 462, 215), (11.307864687886498, 591, 262), (11.307864687886498, 1747, 1643), (11.307864687886498, 533, 1271), (11.307864687886498, 281, 1928), (11.307864687886498, 334, 244), (11.307864687886498, 268, 226), (11.307864687886498, 511, 569), (11.307864687886498, 262, 591), (11.307864687886498, 942, 834), (11.656306772911059, 2231, 2219), (11.656306772911059, 2219, 2234), (11.307864687886498, 303, 200), (11.307864687886498, 289, 240), (11.307864687886498, 1652, 629), (11.307864687886498, 2148, 76), (11.307864687886498, 2124, 2086), (11.307864687886498, 1720, 260), (11.307864687886498, 1271, 533), (11.656306772911059, 2233, 2219), (11.307864687886498, 319, 551), (11.656306772911059, 2272, 2219), (11.307864687886498, 1643, 1747), (11.496189557537887, 31, 381), (11.656306772911059, 2219, 2221), (11.307864687886498, 463, 2281), (11.307864687886498, 629, 1652), (11.307864687886498, 2107, 270), (11.307864687886498, 2281, 463), (11.496189557537887, 31, 376), (11.307864687886498, 412, 1238), (11.307864687886498, 374, 301), (11.656306772911059, 2251, 2219), (11.307864687886498, 1791, 264), (11.656306772911059, 2219, 283), (11.307864687886498, 2438, 349), (11.496189557537887, 376, 31), (11.656306772911059, 2219, 2232), (11.307864687886498, 2236, 252), (11.656306772911059, 2219, 2248), (11.656306772911059, 2219, 2233), (11.307864687886498, 1238, 412), (11.307864687886498, 316, 219)]
2384 2329
2366 2329
2362 2329
2359 2329
2344 2329
2343 2329
2342 2329
2341 2329
2331 2329
2330 2329
2329 2384
2329 2366
2329 2362
2329 2359
2329 2344
2329 2343
2329 2342
2329 2341
2329 2331
2329 2330
2329 313
2329 290
2329 289
313 2329
290 2329
289 2329
394 32
390 32
389 32
153 32
32 394
32 390
32 389
32 153
2554 361
2537 344
2400 2399
2399 2400
2398 2397
2397 2398
2394 484
2360 570
2347 258
2254 78
2227 2180
2207 277
2180 2227
2015 288
1878 271
1834 1729
1807 267
1738 661
1729 1834
1352 1236
1351 557
1317 425
1236 1352
1142 237
1009 889
1004 112
889 1009
661 1738
651 112
634 73
622 269
596 532
575 327
570 2360
561 56
557 1351
532 596
508 292
484 2394
482 219
474 87
425 1317
387 308
361 2554
344 2537
343 249
327 575
324 321
324 223
321 324
316 287
310 203
308 387
296 245
292 508
288 2015
287 316
278 258
277 2207
275 230
271 1878
269 622
267 1807
2570 167
1991 268
268 1991
Homogeneity: 0.889
Completeness: 0.508
V-measure: 0.646
Rand index: 0.968
ARI: 0.262
MI: 3.290
NMI: 0.646
AMI: 0.388
Cluster accuracy: 0.299
Iteration 4 done.  2444 clusters left.

Next Iteration:  5
New links of clusters:
Nr of links that are equal to one of max values:  5064
[(10.49972413289726, 2076, 2147), (10.49972413289726, 892, 996), (10.49972413289726, 2061, 2147), (11.231811686692502, 62, 117), (10.760089467792833, 139, 314), (10.49972413289726, 892, 1048), (11.202703698848342, 2185, 2198), (11.098504133048516, 230, 111), (10.91356975631797, 189, 261), (10.91356975631797, 189, 271), (11.202703698848342, 2198, 2181), (10.49972413289726, 891, 892), (10.49972413289726, 2057, 2147), (11.202703698848342, 2198, 2189), (10.49972413289726, 2147, 2052), (10.49972413289726, 995, 892), (10.49972413289726, 2148, 2147), (11.231811686692502, 203, 147), (11.231811686692502, 117, 62), (10.49972413289726, 2147, 2076), (11.202703698848342, 2198, 2185), (10.91356975631797, 261, 189), (10.49972413289726, 2147, 2057), (10.49972413289726, 892, 631), (10.49972413289726, 2146, 2147), (10.49972413289726, 2130, 2147), (10.49972413289726, 1915, 892), (10.49972413289726, 2147, 2128), (10.49972413289726, 2151, 2147), (10.49972413289726, 2052, 2147), (10.760089467792833, 314, 139), (10.49972413289726, 869, 892), (10.49972413289726, 2059, 2147), (11.202703698848342, 2184, 2181), (11.202703698848342, 2184, 2198), (10.49972413289726, 2147, 2151), (10.49972413289726, 892, 2183), (10.49972413289726, 2152, 892), (11.202703698848342, 2181, 2184), (10.49972413289726, 2147, 2146), (10.49972413289726, 2147, 2130), (10.49972413289726, 2162, 2147), (11.202703698848342, 2189, 2181), (10.49972413289726, 892, 995), (10.49972413289726, 2100, 2147), (10.49972413289726, 2145, 2147), (10.49972413289726, 2147, 2177), (11.202703698848342, 2185, 2181), (10.49972413289726, 2070, 2147), (11.202703698848342, 2184, 2189), (11.202703698848342, 2181, 2198), (10.49972413289726, 893, 892), (10.49972413289726, 892, 738), (10.49972413289726, 892, 894), (11.202703698848342, 2189, 2198), (10.49972413289726, 892, 188), (10.49972413289726, 2147, 2148), (10.49972413289726, 892, 869), (10.49972413289726, 1048, 892), (10.91356975631797, 271, 189), (11.202703698848342, 2184, 2185), (10.49972413289726, 2147, 2100), (10.49972413289726, 1180, 2147), (11.202703698848342, 2181, 2189), (11.202703698848342, 2198, 2184), (10.49972413289726, 894, 892), (11.231811686692502, 147, 203), (10.49972413289726, 2060, 2147), (10.49972413289726, 1580, 892), (10.49972413289726, 2128, 2147), (10.49972413289726, 2147, 2162), (11.202703698848342, 2189, 2184), (10.49972413289726, 2147, 1180), (11.202703698848342, 2189, 2185), (10.49972413289726, 890, 892), (10.49972413289726, 2147, 2060), (10.49972413289726, 996, 892), (10.49972413289726, 2147, 2061), (10.49972413289726, 738, 892), (10.49972413289726, 2183, 892), (10.49972413289726, 188, 892), (10.49972413289726, 2147, 2059), (10.49972413289726, 2147, 2145), (10.49972413289726, 2147, 2070), (10.49972413289726, 2092, 2147), (11.202703698848342, 2185, 2184), (10.49972413289726, 892, 890), (10.49972413289726, 892, 891), (10.49972413289726, 2147, 2092), (11.098504133048516, 111, 230), (11.202703698848342, 2181, 2185), (10.49972413289726, 892, 893), (10.49972413289726, 2177, 2147), (10.49972413289726, 892, 1915), (10.49972413289726, 2147, 2075), (10.49972413289726, 892, 2152), (11.202703698848342, 2185, 2189), (10.49972413289726, 892, 1580), (10.49972413289726, 2075, 2147), (10.49972413289726, 631, 892)]
[(10.49972413289726, 2076, 2147), (10.49972413289726, 892, 996), (10.49972413289726, 2061, 2147), (11.231811686692502, 62, 117), (10.760089467792833, 139, 314), (10.49972413289726, 892, 1048), (11.202703698848342, 2185, 2198), (11.098504133048516, 230, 111), (10.91356975631797, 189, 261), (10.91356975631797, 189, 271), (11.202703698848342, 2198, 2181), (10.49972413289726, 891, 892), (10.49972413289726, 2057, 2147), (11.202703698848342, 2198, 2189), (10.49972413289726, 2147, 2052), (10.49972413289726, 995, 892), (10.49972413289726, 2148, 2147), (11.231811686692502, 203, 147), (11.231811686692502, 117, 62), (10.49972413289726, 2147, 2076), (11.202703698848342, 2198, 2185), (10.91356975631797, 261, 189), (10.49972413289726, 2147, 2057), (10.49972413289726, 892, 631), (10.49972413289726, 2146, 2147), (10.49972413289726, 2130, 2147), (10.49972413289726, 1915, 892), (10.49972413289726, 2147, 2128), (10.49972413289726, 2151, 2147), (10.49972413289726, 2052, 2147), (10.760089467792833, 314, 139), (10.49972413289726, 869, 892), (10.49972413289726, 2059, 2147), (11.202703698848342, 2184, 2181), (11.202703698848342, 2184, 2198), (10.49972413289726, 2147, 2151), (10.49972413289726, 892, 2183), (10.49972413289726, 2152, 892), (11.202703698848342, 2181, 2184), (10.49972413289726, 2147, 2146), (10.49972413289726, 2147, 2130), (10.49972413289726, 2162, 2147), (11.202703698848342, 2189, 2181), (10.49972413289726, 892, 995), (10.49972413289726, 2100, 2147), (10.49972413289726, 2145, 2147), (10.49972413289726, 2147, 2177), (11.202703698848342, 2185, 2181), (10.49972413289726, 2070, 2147), (11.202703698848342, 2184, 2189), (11.202703698848342, 2181, 2198), (10.49972413289726, 893, 892), (10.49972413289726, 892, 738), (10.49972413289726, 892, 894), (11.202703698848342, 2189, 2198), (10.49972413289726, 892, 188), (10.49972413289726, 2147, 2148), (10.49972413289726, 892, 869), (10.49972413289726, 1048, 892), (10.91356975631797, 271, 189), (11.202703698848342, 2184, 2185), (10.49972413289726, 2147, 2100), (10.49972413289726, 1180, 2147), (11.202703698848342, 2181, 2189), (11.202703698848342, 2198, 2184), (10.49972413289726, 894, 892), (11.231811686692502, 147, 203), (10.49972413289726, 2060, 2147), (10.49972413289726, 1580, 892), (10.49972413289726, 2128, 2147), (10.49972413289726, 2147, 2162), (11.202703698848342, 2189, 2184), (10.49972413289726, 2147, 1180), (11.202703698848342, 2189, 2185), (10.49972413289726, 890, 892), (10.49972413289726, 2147, 2060), (10.49972413289726, 996, 892), (10.49972413289726, 2147, 2061), (10.49972413289726, 738, 892), (10.49972413289726, 2183, 892), (10.49972413289726, 188, 892), (10.49972413289726, 2147, 2059), (10.49972413289726, 2147, 2145), (10.49972413289726, 2147, 2070), (10.49972413289726, 2092, 2147), (11.202703698848342, 2185, 2184), (10.49972413289726, 892, 890), (10.49972413289726, 892, 891), (10.49972413289726, 2147, 2092), (11.098504133048516, 111, 230), (11.202703698848342, 2181, 2185), (10.49972413289726, 892, 893), (10.49972413289726, 2177, 2147), (10.49972413289726, 892, 1915), (10.49972413289726, 2147, 2075), (10.49972413289726, 892, 2152), (11.202703698848342, 2185, 2189), (10.49972413289726, 892, 1580), (10.49972413289726, 2075, 2147), (10.49972413289726, 631, 892)]
214 156
156 214
125 65
65 125
2355 2346
2355 2337
2355 2336
2355 2333
2346 2355
2346 2337
2346 2336
2346 2333
2337 2355
2337 2346
2337 2336
2337 2333
2336 2355
2336 2346
2336 2337
2336 2333
2333 2355
2333 2346
2333 2337
2333 2336
248 119
119 248
295 199
283 199
199 295
199 283
342 147
147 342
2335 985
2326 2293
2310 2293
2298 985
2297 2293
2294 2293
2293 2326
2293 2310
2293 2297
2293 2294
2293 2292
2293 2291
2293 2275
2293 2273
2293 2243
2293 2234
2293 2214
2293 2213
2293 2208
2293 2192
2293 2191
2293 2190
2293 2188
2293 2183
2293 1282
2292 2293
2291 2293
2275 2293
2273 2293
2243 2293
2234 2293
2214 2293
2213 2293
2208 2293
2192 2293
2191 2293
2190 2293
2188 2293
2183 2293
2042 985
1696 985
1282 2293
1150 985
1094 985
1093 985
988 985
987 985
985 2335
985 2298
985 2042
985 1696
985 1150
985 1094
985 1093
985 988
985 987
985 984
985 982
985 961
985 818
985 702
985 198
984 985
982 985
961 985
818 985
702 985
198 985
Homogeneity: 0.886
Completeness: 0.508
V-measure: 0.646
Rand index: 0.968
ARI: 0.262
MI: 3.280
NMI: 0.646
AMI: 0.391
Cluster accuracy: 0.303
Iteration 5 done.  2400 clusters left.

Next Iteration:  6
New links of clusters:
Nr of links that are equal to one of max values:  7344
[(10.230177253445941, 306, 122), (10.230177253445941, 671, 468), (10.230177253445941, 2182, 91), (10.230177253445941, 1500, 1696), (10.23838934749872, 1016, 885), (10.23838934749872, 885, 887), (10.230177253445941, 2245, 306), (10.23838934749872, 885, 1564), (10.230177253445941, 318, 164), (10.23838934749872, 1463, 885), (10.230177253445941, 2138, 257), (10.230177253445941, 311, 147), (10.230177253445941, 578, 59), (10.230177253445941, 2179, 21), (10.230177253445941, 427, 430), (10.230177253445941, 2360, 33), (10.230177253445941, 265, 61), (10.230177253445941, 2399, 168), (10.230177253445941, 257, 2138), (10.230177253445941, 1615, 248), (10.23838934749872, 885, 889), (10.23838934749872, 885, 1463), (10.23838934749872, 885, 1031), (10.230177253445941, 1381, 237), (10.230177253445941, 705, 49), (10.23838934749872, 885, 835), (10.230177253445941, 2399, 169), (10.23838934749872, 885, 1032), (10.230177253445941, 1998, 1616), (10.230177253445941, 2009, 235), (10.230177253445941, 2358, 124), (10.23838934749872, 1551, 885), (10.23838934749872, 1031, 885), (11.171008487418897, 138, 307), (10.23838934749872, 1032, 885), (10.230177253445941, 1615, 166), (10.230177253445941, 2203, 2391), (10.23838934749872, 885, 1016), (10.230177253445941, 2275, 154), (10.230177253445941, 2245, 122), (10.230177253445941, 982, 61), (10.230177253445941, 468, 209), (10.23838934749872, 885, 1566), (10.312726722191426, 555, 362), (10.23838934749872, 1937, 885), (10.23838934749872, 889, 885), (10.312726722191426, 555, 356), (10.23838934749872, 1938, 885), (10.312726722191426, 555, 361), (10.23838934749872, 885, 1551), (10.23838934749872, 1564, 885), (10.230177253445941, 312, 154), (10.230177253445941, 2391, 2203), (10.230177253445941, 2151, 201), (10.230177253445941, 557, 2043), (10.230177253445941, 373, 438), (10.312726722191426, 362, 555), (10.23838934749872, 668, 885), (10.23838934749872, 835, 885), (10.23838934749872, 1017, 885), (10.23838934749872, 885, 1437), (10.230177253445941, 2080, 77), (10.23838934749872, 674, 885), (10.230177253445941, 982, 265), (10.230177253445941, 2047, 45), (10.230177253445941, 271, 279), (10.230177253445941, 671, 209), (10.230177253445941, 535, 33), (10.230177253445941, 468, 671), (10.230177253445941, 535, 2360), (10.230177253445941, 2182, 89), (10.230177253445941, 2043, 557), (10.230177253445941, 312, 2275), (10.23838934749872, 897, 885), (10.23838934749872, 1437, 885), (10.230177253445941, 430, 427), (10.230177253445941, 438, 373), (10.230177253445941, 248, 1615), (10.230177253445941, 1741, 100), (10.230177253445941, 279, 271), (10.230177253445941, 2360, 535), (10.230177253445941, 248, 166), (11.171008487418897, 307, 138), (10.23838934749872, 1566, 885), (10.23838934749872, 885, 674), (10.230177253445941, 306, 2245), (10.230177253445941, 2275, 312), (10.312726722191426, 361, 555), (10.23838934749872, 885, 1937), (10.23838934749872, 885, 1938), (10.230177253445941, 1741, 163), (10.23838934749872, 887, 885), (10.230177253445941, 237, 1381), (10.23838934749872, 885, 668), (10.312726722191426, 356, 555), (10.23838934749872, 885, 1017), (10.23838934749872, 885, 897), (10.230177253445941, 1616, 1998), (10.230177253445941, 1696, 1500), (10.230177253445941, 265, 982)]
Overlapping trips in two clusters: 2626 180 Trips:  1670 1669
[(10.230177253445941, 306, 122), (10.230177253445941, 671, 468), (10.230177253445941, 2182, 91), (10.230177253445941, 1500, 1696), (10.23838934749872, 1016, 885), (10.23838934749872, 885, 887), (10.230177253445941, 2245, 306), (10.23838934749872, 885, 1564), (10.230177253445941, 318, 164), (10.23838934749872, 1463, 885), (10.230177253445941, 2138, 257), (10.230177253445941, 311, 147), (10.230177253445941, 578, 59), (10.230177253445941, 2179, 21), (10.230177253445941, 427, 430), (10.230177253445941, 2360, 33), (10.230177253445941, 265, 61), (10.230177253445941, 2399, 168), (10.230177253445941, 257, 2138), (10.230177253445941, 1615, 248), (10.23838934749872, 885, 889), (10.23838934749872, 885, 1463), (10.23838934749872, 885, 1031), (10.230177253445941, 1381, 237), (10.230177253445941, 705, 49), (10.23838934749872, 885, 835), (5.1150886267229705, 2399, 169), (10.23838934749872, 885, 1032), (10.230177253445941, 1998, 1616), (10.230177253445941, 2009, 235), (10.230177253445941, 2358, 124), (10.23838934749872, 1551, 885), (10.23838934749872, 1031, 885), (11.171008487418897, 138, 307), (10.23838934749872, 1032, 885), (10.230177253445941, 1615, 166), (10.230177253445941, 2203, 2391), (10.23838934749872, 885, 1016), (10.230177253445941, 2275, 154), (10.230177253445941, 2245, 122), (10.230177253445941, 982, 61), (10.230177253445941, 468, 209), (10.23838934749872, 885, 1566), (10.312726722191426, 555, 362), (10.23838934749872, 1937, 885), (10.23838934749872, 889, 885), (10.312726722191426, 555, 356), (10.23838934749872, 1938, 885), (10.312726722191426, 555, 361), (10.23838934749872, 885, 1551), (10.23838934749872, 1564, 885), (10.230177253445941, 312, 154), (10.230177253445941, 2391, 2203), (10.230177253445941, 2151, 201), (10.230177253445941, 557, 2043), (10.230177253445941, 373, 438), (10.312726722191426, 362, 555), (10.23838934749872, 668, 885), (10.23838934749872, 835, 885), (10.23838934749872, 1017, 885), (10.23838934749872, 885, 1437), (10.230177253445941, 2080, 77), (10.23838934749872, 674, 885), (10.230177253445941, 982, 265), (10.230177253445941, 2047, 45), (10.230177253445941, 271, 279), (10.230177253445941, 671, 209), (10.230177253445941, 535, 33), (10.230177253445941, 468, 671), (10.230177253445941, 535, 2360), (10.230177253445941, 2182, 89), (10.230177253445941, 2043, 557), (10.230177253445941, 312, 2275), (10.23838934749872, 897, 885), (10.23838934749872, 1437, 885), (10.230177253445941, 430, 427), (10.230177253445941, 438, 373), (10.230177253445941, 248, 1615), (10.230177253445941, 1741, 100), (10.230177253445941, 279, 271), (10.230177253445941, 2360, 535), (10.230177253445941, 248, 166), (11.171008487418897, 307, 138), (10.23838934749872, 1566, 885), (10.23838934749872, 885, 674), (10.230177253445941, 306, 2245), (10.230177253445941, 2275, 312), (10.312726722191426, 361, 555), (10.23838934749872, 885, 1937), (10.23838934749872, 885, 1938), (10.230177253445941, 1741, 163), (10.23838934749872, 887, 885), (10.230177253445941, 237, 1381), (10.23838934749872, 885, 668), (10.312726722191426, 356, 555), (10.23838934749872, 885, 1017), (10.23838934749872, 885, 897), (10.230177253445941, 1616, 1998), (10.230177253445941, 1696, 1500), (10.230177253445941, 265, 982)]
341 147
147 341
618 405
618 404
618 399
405 618
404 618
399 618
2087 993
2086 993
1702 993
1700 993
1684 993
1595 993
1569 993
1151 993
1149 993
1132 993
1131 993
1005 993
997 993
995 993
993 2087
993 2086
993 1702
993 1700
993 1684
993 1595
993 1569
993 1151
993 1149
993 1132
993 1131
993 1005
993 997
993 995
993 932
993 753
993 747
932 993
753 993
747 993
2626 179
2616 2414
2582 594
2582 34
2580 133
2488 347
2488 164
2458 340
2458 131
2414 2616
2389 97
2389 95
2386 22
2351 215
2325 284
2255 82
2211 47
2205 620
2160 260
2148 1754
1882 174
1882 106
1836 1632
1754 2148
1752 274
1752 177
1632 1836
1512 262
1096 294
1096 64
793 51
750 520
750 226
643 62
620 2205
594 2582
594 34
520 750
520 226
489 416
480 477
477 480
416 489
356 175
347 2488
347 164
346 157
340 2458
340 131
309 301
301 309
294 1096
294 64
284 2325
274 1752
274 177
262 1512
2626 180
Homogeneity: 0.881
Completeness: 0.508
V-measure: 0.644
Rand index: 0.968
ARI: 0.262
MI: 3.261
NMI: 0.644
AMI: 0.392
Cluster accuracy: 0.303
Iteration 6 done.  2342 clusters left.

Next Iteration:  7
New links of clusters:
Nr of links that are equal to one of max values:  8288
[(10.152081313489997, 196, 190), (10.152081313489997, 34, 72), (9.797199160993255, 1696, 454), (9.453542207256898, 1881, 1257), (9.453542207256898, 2056, 2096), (10.152081313489997, 211, 51), (9.453542207256898, 1878, 1840), (10.152081313489997, 184, 198), (9.453542207256898, 1659, 1653), (9.797199160993255, 493, 454), (10.152081313489997, 51, 211), (10.152081313489997, 72, 34), (9.797199160993255, 454, 345), (9.797199160993255, 456, 454), (9.797199160993255, 454, 456), (9.453542207256898, 1656, 2130), (9.797199160993255, 370, 454), (10.152081313489997, 198, 184), (9.453542207256898, 2146, 580), (9.453542207256898, 1951, 1174), (9.453542207256898, 2211, 179), (9.453542207256898, 2295, 295), (9.453542207256898, 1942, 785), (9.453542207256898, 1840, 1941), (9.453542207256898, 2062, 2158), (9.797199160993255, 454, 393), (9.797199160993255, 2297, 454), (9.797199160993255, 454, 1156), (9.453542207256898, 2137, 817), (9.453542207256898, 1682, 1681), (9.453542207256898, 2130, 2129), (9.453542207256898, 2056, 2073), (9.797199160993255, 454, 457), (9.453542207256898, 2073, 2056), (9.453542207256898, 2130, 1656), (9.797199160993255, 454, 541), (9.453542207256898, 2096, 2056), (9.453542207256898, 1681, 950), (9.453542207256898, 2083, 240), (9.453542207256898, 1681, 1682), (9.453542207256898, 1942, 854), (9.453542207256898, 2083, 269), (9.797199160993255, 1158, 454), (9.453542207256898, 2082, 269), (9.453542207256898, 1881, 1373), (9.797199160993255, 499, 454), (9.453542207256898, 2163, 2062), (9.453542207256898, 2158, 2163), (9.453542207256898, 2096, 231), (9.453542207256898, 2163, 2158), (10.152081313489997, 190, 196), (9.453542207256898, 2062, 2163), (9.797199160993255, 454, 493), (9.797199160993255, 339, 454), (9.453542207256898, 1878, 1941), (9.453542207256898, 1942, 950), (9.453542207256898, 1941, 1878), (9.453542207256898, 1769, 88), (9.453542207256898, 2129, 2130), (9.797199160993255, 393, 454), (9.797199160993255, 345, 454), (9.797199160993255, 542, 454), (9.797199160993255, 340, 454), (9.797199160993255, 455, 454), (10.152081313489997, 176, 34), (9.797199160993255, 454, 422), (9.453542207256898, 1881, 62), (9.797199160993255, 454, 480), (9.453542207256898, 1682, 950), (9.453542207256898, 2073, 2096), (10.152081313489997, 176, 72), (9.797199160993255, 541, 454), (9.797199160993255, 454, 2297), (9.453542207256898, 2177, 1653), (9.797199160993255, 480, 454), (9.797199160993255, 479, 454), (9.453542207256898, 2096, 2073), (9.797199160993255, 454, 340), (9.797199160993255, 454, 370), (9.797199160993255, 454, 455), (9.453542207256898, 2137, 772), (9.453542207256898, 1951, 1170), (9.797199160993255, 422, 454), (9.453542207256898, 1778, 1259), (9.797199160993255, 454, 339), (10.152081313489997, 34, 176), (9.797199160993255, 454, 1696), (9.453542207256898, 2056, 231), (9.453542207256898, 2073, 231), (9.797199160993255, 454, 542), (9.453542207256898, 1840, 1878), (9.797199160993255, 454, 479), (10.152081313489997, 72, 176), (9.453542207256898, 1941, 1840), (9.797199160993255, 454, 1158), (9.453542207256898, 2158, 2062), (9.453542207256898, 2082, 240), (9.797199160993255, 457, 454), (9.797199160993255, 454, 499), (9.797199160993255, 1156, 454)]
Overlapping trips in two clusters: 235 228 Trips:  5890 5889
Overlapping trips in two clusters: 228 235 Trips:  5889 5890
[(5.076040656744999, 196, 190), (10.152081313489997, 34, 72), (9.797199160993255, 1696, 454), (9.453542207256898, 1881, 1257), (9.453542207256898, 2056, 2096), (10.152081313489997, 211, 51), (9.453542207256898, 1878, 1840), (10.152081313489997, 184, 198), (9.453542207256898, 1659, 1653), (9.797199160993255, 493, 454), (10.152081313489997, 51, 211), (10.152081313489997, 72, 34), (9.797199160993255, 454, 345), (9.797199160993255, 456, 454), (9.797199160993255, 454, 456), (9.453542207256898, 1656, 2130), (9.797199160993255, 370, 454), (10.152081313489997, 198, 184), (9.453542207256898, 2146, 580), (9.453542207256898, 1951, 1174), (9.453542207256898, 2211, 179), (9.453542207256898, 2295, 295), (9.453542207256898, 1942, 785), (9.453542207256898, 1840, 1941), (9.453542207256898, 2062, 2158), (9.797199160993255, 454, 393), (9.797199160993255, 2297, 454), (9.797199160993255, 454, 1156), (9.453542207256898, 2137, 817), (9.453542207256898, 1682, 1681), (9.453542207256898, 2130, 2129), (9.453542207256898, 2056, 2073), (9.797199160993255, 454, 457), (9.453542207256898, 2073, 2056), (9.453542207256898, 2130, 1656), (9.797199160993255, 454, 541), (9.453542207256898, 2096, 2056), (9.453542207256898, 1681, 950), (9.453542207256898, 2083, 240), (9.453542207256898, 1681, 1682), (9.453542207256898, 1942, 854), (9.453542207256898, 2083, 269), (9.797199160993255, 1158, 454), (9.453542207256898, 2082, 269), (9.453542207256898, 1881, 1373), (9.797199160993255, 499, 454), (9.453542207256898, 2163, 2062), (9.453542207256898, 2158, 2163), (9.453542207256898, 2096, 231), (9.453542207256898, 2163, 2158), (5.076040656744999, 190, 196), (9.453542207256898, 2062, 2163), (9.797199160993255, 454, 493), (9.797199160993255, 339, 454), (9.453542207256898, 1878, 1941), (9.453542207256898, 1942, 950), (9.453542207256898, 1941, 1878), (9.453542207256898, 1769, 88), (9.453542207256898, 2129, 2130), (9.797199160993255, 393, 454), (9.797199160993255, 345, 454), (9.797199160993255, 542, 454), (9.797199160993255, 340, 454), (9.797199160993255, 455, 454), (10.152081313489997, 176, 34), (9.797199160993255, 454, 422), (9.453542207256898, 1881, 62), (9.797199160993255, 454, 480), (9.453542207256898, 1682, 950), (9.453542207256898, 2073, 2096), (10.152081313489997, 176, 72), (9.797199160993255, 541, 454), (9.797199160993255, 454, 2297), (9.453542207256898, 2177, 1653), (9.797199160993255, 480, 454), (9.797199160993255, 479, 454), (9.453542207256898, 2096, 2073), (9.797199160993255, 454, 340), (9.797199160993255, 454, 370), (9.797199160993255, 454, 455), (9.453542207256898, 2137, 772), (9.453542207256898, 1951, 1170), (9.797199160993255, 422, 454), (9.453542207256898, 1778, 1259), (9.797199160993255, 454, 339), (10.152081313489997, 34, 176), (9.797199160993255, 454, 1696), (9.453542207256898, 2056, 231), (9.453542207256898, 2073, 231), (9.797199160993255, 454, 542), (9.453542207256898, 1840, 1878), (9.797199160993255, 454, 479), (10.152081313489997, 72, 176), (9.453542207256898, 1941, 1840), (9.797199160993255, 454, 1158), (9.453542207256898, 2158, 2062), (9.453542207256898, 2082, 240), (9.797199160993255, 457, 454), (9.797199160993255, 454, 499), (9.797199160993255, 1156, 454)]
255 58
239 220
220 239
208 84
208 37
84 208
84 37
58 255
37 208
37 84
2575 534
1886 534
1326 534
1323 534
636 534
635 534
583 534
577 534
563 534
562 534
537 534
536 534
535 534
534 2575
534 1886
534 1326
534 1323
534 636
534 635
534 583
534 577
534 563
534 562
534 537
534 536
534 535
534 501
534 468
534 441
534 414
534 409
534 408
501 534
468 534
441 534
414 534
409 534
408 534
2573 357
2479 211
2444 1842
2428 2423
2428 2296
2423 2428
2423 2296
2411 686
2402 948
2402 895
2391 2390
2391 1845
2390 2391
2350 2313
2350 2287
2350 279
2323 325
2323 291
2322 325
2322 291
2313 2350
2313 2287
2313 279
2296 2428
2296 2423
2287 2350
2287 2313
2287 279
2153 1342
2153 1338
2143 1101
2143 996
2143 913
2142 2076
2142 2035
2079 1547
2079 1429
2079 71
2076 2142
2076 2035
2035 2142
2035 2076
1968 1431
1959 103
1871 1870
1871 1101
1870 1871
1870 1101
1848 1842
1845 2391
235 228
228 235
Homogeneity: 0.878
Completeness: 0.507
V-measure: 0.643
Rand index: 0.968
ARI: 0.262
MI: 3.248
NMI: 0.643
AMI: 0.393
Cluster accuracy: 0.304
Iteration 7 done.  2290 clusters left.

Next Iteration:  8
New links of clusters:
Nr of links that are equal to one of max values:  4004
[(9.384631499812006, 684, 58), (9.161378373534184, 917, 865), (9.161378373534184, 868, 869), (9.384631499812006, 959, 960), (9.384631499812006, 960, 959), (9.161378373534184, 869, 859), (9.25497822682109, 2000, 1967), (9.161378373534184, 872, 865), (9.384631499812006, 638, 1471), (9.384631499812006, 181, 333), (9.384631499812006, 37, 330), (9.384631499812006, 383, 238), (9.25497822682109, 2000, 1943), (9.25497822682109, 2000, 1974), (9.384631499812006, 181, 43), (9.384631499812006, 333, 43), (9.25497822682109, 1946, 2000), (9.161378373534184, 869, 855), (9.384631499812006, 330, 37), (9.25497822682109, 1950, 2000), (9.161378373534184, 869, 864), (9.25497822682109, 2000, 1069), (9.25497822682109, 2000, 1976), (9.25497822682109, 2017, 2000), (9.25497822682109, 1073, 2000), (9.384631499812006, 3, 37), (9.25497822682109, 2000, 1950), (9.384631499812006, 3, 330), (9.384631499812006, 43, 333), (9.161378373534184, 872, 917), (9.25497822682109, 2000, 1946), (9.25497822682109, 2027, 2000), (9.25497822682109, 2001, 2000), (9.161378373534184, 917, 855), (9.384631499812006, 236, 174), (9.161378373534184, 917, 868), (9.25497822682109, 1967, 2000), (9.384631499812006, 376, 25), (9.25497822682109, 2000, 1973), (9.161378373534184, 869, 865), (9.161378373534184, 869, 868), (9.161378373534184, 917, 872), (9.161378373534184, 868, 855), (9.161378373534184, 868, 864), (9.25497822682109, 2013, 2000), (9.161378373534184, 872, 855), (9.25497822682109, 2015, 2000), (9.25497822682109, 2000, 2027), (9.161378373534184, 865, 872), (9.384631499812006, 37, 3), (9.384631499812006, 1471, 1142), (9.384631499812006, 330, 3), (9.25497822682109, 2000, 2015), (9.161378373534184, 917, 864), (9.384631499812006, 25, 534), (9.161378373534184, 917, 859), (9.384631499812006, 238, 383), (9.25497822682109, 2000, 2013), (9.384631499812006, 1142, 1471), (9.161612053864816, 642, 565), (9.384631499812006, 43, 181), (9.161378373534184, 868, 865), (9.25497822682109, 1949, 2000), (9.161378373534184, 872, 859), (9.161378373534184, 872, 869), (9.384631499812006, 638, 1142), (9.25497822682109, 2000, 2001), (9.161378373534184, 869, 872), (9.25497822682109, 1069, 2000), (9.161378373534184, 865, 917), (9.161378373534184, 872, 864), (9.384631499812006, 534, 25), (9.25497822682109, 2000, 1947), (9.25497822682109, 1973, 2000), (9.161378373534184, 868, 859), (9.25497822682109, 1976, 2000), (9.25497822682109, 2000, 2017), (9.25497822682109, 2000, 1073), (9.384631499812006, 58, 684), (9.384631499812006, 1471, 638), (9.384631499812006, 25, 376), (9.25497822682109, 2000, 2026), (9.25497822682109, 2000, 1949), (9.161378373534184, 917, 869), (9.25497822682109, 2000, 2028), (9.161378373534184, 872, 868), (9.384631499812006, 174, 236), (9.25497822682109, 1947, 2000), (9.25497822682109, 2028, 2000), (9.161612053864816, 565, 642), (9.161378373534184, 868, 917), (9.384631499812006, 333, 181), (9.25497822682109, 1943, 2000), (9.25497822682109, 2026, 2000), (9.161378373534184, 869, 917), (9.384631499812006, 238, 237), (9.161378373534184, 868, 872), (9.384631499812006, 1142, 638), (9.25497822682109, 1974, 2000), (9.384631499812006, 237, 238)]
Overlapping trips in two clusters: 1046 1032 Trips:  6237 6238
[(9.384631499812006, 684, 58), (9.161378373534184, 917, 865), (9.161378373534184, 868, 869), (9.384631499812006, 959, 960), (9.384631499812006, 960, 959), (9.161378373534184, 869, 859), (9.25497822682109, 2000, 1967), (9.161378373534184, 872, 865), (9.384631499812006, 638, 1471), (9.384631499812006, 181, 333), (9.384631499812006, 37, 330), (9.384631499812006, 383, 238), (9.25497822682109, 2000, 1943), (9.25497822682109, 2000, 1974), (9.384631499812006, 181, 43), (9.384631499812006, 333, 43), (9.25497822682109, 1946, 2000), (4.580689186767092, 869, 855), (9.384631499812006, 330, 37), (9.25497822682109, 1950, 2000), (9.161378373534184, 869, 864), (9.25497822682109, 2000, 1069), (9.25497822682109, 2000, 1976), (9.25497822682109, 2017, 2000), (9.25497822682109, 1073, 2000), (9.384631499812006, 3, 37), (9.25497822682109, 2000, 1950), (9.384631499812006, 3, 330), (9.384631499812006, 43, 333), (9.161378373534184, 872, 917), (9.25497822682109, 2000, 1946), (9.25497822682109, 2027, 2000), (9.25497822682109, 2001, 2000), (9.161378373534184, 917, 855), (9.384631499812006, 236, 174), (9.161378373534184, 917, 868), (9.25497822682109, 1967, 2000), (9.384631499812006, 376, 25), (9.25497822682109, 2000, 1973), (9.161378373534184, 869, 865), (9.161378373534184, 869, 868), (9.161378373534184, 917, 872), (9.161378373534184, 868, 855), (9.161378373534184, 868, 864), (9.25497822682109, 2013, 2000), (9.161378373534184, 872, 855), (9.25497822682109, 2015, 2000), (9.25497822682109, 2000, 2027), (9.161378373534184, 865, 872), (9.384631499812006, 37, 3), (9.384631499812006, 1471, 1142), (9.384631499812006, 330, 3), (9.25497822682109, 2000, 2015), (9.161378373534184, 917, 864), (9.384631499812006, 25, 534), (9.161378373534184, 917, 859), (9.384631499812006, 238, 383), (9.25497822682109, 2000, 2013), (9.384631499812006, 1142, 1471), (9.161612053864816, 642, 565), (9.384631499812006, 43, 181), (9.161378373534184, 868, 865), (9.25497822682109, 1949, 2000), (9.161378373534184, 872, 859), (9.161378373534184, 872, 869), (9.384631499812006, 638, 1142), (9.25497822682109, 2000, 2001), (9.161378373534184, 869, 872), (9.25497822682109, 1069, 2000), (9.161378373534184, 865, 917), (9.161378373534184, 872, 864), (9.384631499812006, 534, 25), (9.25497822682109, 2000, 1947), (9.25497822682109, 1973, 2000), (9.161378373534184, 868, 859), (9.25497822682109, 1976, 2000), (9.25497822682109, 2000, 2017), (9.25497822682109, 2000, 1073), (9.384631499812006, 58, 684), (9.384631499812006, 1471, 638), (9.384631499812006, 25, 376), (9.25497822682109, 2000, 2026), (9.25497822682109, 2000, 1949), (9.161378373534184, 917, 869), (9.25497822682109, 2000, 2028), (9.161378373534184, 872, 868), (9.384631499812006, 174, 236), (9.25497822682109, 1947, 2000), (9.25497822682109, 2028, 2000), (9.161612053864816, 565, 642), (9.161378373534184, 868, 917), (9.384631499812006, 333, 181), (9.25497822682109, 1943, 2000), (9.25497822682109, 2026, 2000), (9.161378373534184, 869, 917), (9.384631499812006, 238, 237), (9.161378373534184, 868, 872), (9.384631499812006, 1142, 638), (9.25497822682109, 1974, 2000), (9.384631499812006, 237, 238)]
1689 1347
1689 781
1347 1689
1347 781
1153 1152
1152 1153
834 67
781 1689
781 1347
656 27
475 300
467 27
417 222
417 48
413 41
413 4
300 475
300 299
299 300
298 210
222 417
222 48
210 298
67 834
48 417
48 222
41 413
41 4
27 656
27 467
4 413
4 41
2315 2277
2314 2277
2311 2277
2300 2277
2295 2277
2290 2277
2278 2277
2277 2315
2277 2314
2277 2311
2277 2300
2277 2295
2277 2290
2277 2278
2277 2250
2277 2248
2277 2247
2277 2238
2277 2215
2277 2212
2277 2210
2277 2209
2277 2203
2277 1266
2277 1262
2250 2277
2248 2277
2247 2277
2238 2277
2215 2277
2212 2277
2210 2277
2209 2277
2203 2277
1266 2277
1262 2277
785 700
700 785
1100 1049
1100 1046
1100 1045
1100 1042
1100 1041
1100 1036
1100 1032
1049 1100
1049 1046
1049 1045
1049 1042
1049 1041
1049 1036
1049 1032
1046 1100
1046 1049
1046 1045
1046 1042
1046 1041
1046 1036
1045 1100
1045 1049
1045 1046
1045 1042
1045 1041
1045 1036
1045 1032
1042 1100
1042 1049
1046 1032
Homogeneity: 0.875
Completeness: 0.508
V-measure: 0.643
Rand index: 0.968
ARI: 0.262
MI: 3.239
NMI: 0.643
AMI: 0.396
Cluster accuracy: 0.304
Iteration 8 done.  2251 clusters left.

Next Iteration:  9
New links of clusters:
Nr of links that are equal to one of max values:  4216
[(8.915269457412593, 1202, 1288), (8.78965726981385, 1353, 1297), (8.78965726981385, 1356, 1297), (8.78965726981385, 1685, 1297), (9.003786215792477, 712, 668), (8.915269457412593, 1288, 1343), (8.915269457412593, 1288, 1292), (8.78965726981385, 1371, 1297), (8.915269457412593, 1288, 1682), (8.915269457412593, 1288, 1201), (8.915269457412593, 1331, 1288), (8.78965726981385, 1297, 1374), (8.915269457412593, 1288, 1306), (8.78965726981385, 1323, 1297), (8.78965726981385, 1376, 1297), (9.003786215792477, 725, 721), (8.78965726981385, 1297, 1323), (9.003786215792477, 668, 712), (8.915269457412593, 1345, 1288), (9.003786215792477, 672, 721), (8.78965726981385, 1297, 1357), (8.915269457412593, 1288, 1290), (8.915269457412593, 1290, 1288), (8.915269457412593, 1288, 1293), (8.915269457412593, 1292, 1288), (8.915269457412593, 1709, 1288), (9.003786215792477, 712, 721), (9.003786215792477, 725, 668), (9.003786215792477, 712, 725), (8.915269457412593, 1355, 1288), (9.003786215792477, 668, 672), (8.78965726981385, 1370, 1297), (9.003786215792477, 672, 712), (8.915269457412593, 1756, 1288), (8.78965726981385, 1297, 1369), (8.915269457412593, 1291, 1288), (8.915269457412593, 1288, 1294), (8.915269457412593, 1288, 1345), (8.78965726981385, 1297, 1382), (8.915269457412593, 1293, 1288), (8.78965726981385, 1297, 1421), (8.915269457412593, 1288, 1756), (8.78965726981385, 1297, 1296), (8.915269457412593, 1288, 1202), (8.78965726981385, 1297, 1376), (8.915269457412593, 497, 1288), (8.915269457412593, 1288, 1289), (8.915269457412593, 1288, 1291), (9.003786215792477, 712, 672), (8.78965726981385, 1363, 1297), (8.915269457412593, 786, 1288), (8.78965726981385, 1297, 1295), (8.78965726981385, 1297, 1368), (8.915269457412593, 1288, 786), (9.003786215792477, 668, 721), (8.78965726981385, 1297, 1353), (9.003786215792477, 725, 672), (8.78965726981385, 1374, 1297), (8.915269457412593, 1288, 1355), (9.003786215792477, 668, 725), (8.78965726981385, 1382, 1297), (8.915269457412593, 1288, 1331), (8.915269457412593, 1288, 1344), (8.915269457412593, 1288, 1203), (8.78965726981385, 1297, 1363), (8.915269457412593, 1682, 1288), (8.915269457412593, 1474, 1288), (8.915269457412593, 1342, 1288), (9.003786215792477, 672, 725), (9.003786215792477, 721, 668), (8.78965726981385, 1357, 1297), (9.003786215792477, 721, 712), (8.915269457412593, 1288, 1548), (8.915269457412593, 1288, 1474), (8.915269457412593, 1343, 1288), (8.915269457412593, 1344, 1288), (8.915269457412593, 1306, 1288), (9.003786215792477, 672, 668), (8.78965726981385, 1297, 1685), (8.78965726981385, 1369, 1297), (8.915269457412593, 1289, 1288), (8.78965726981385, 1297, 1356), (8.78965726981385, 1297, 1700), (8.78965726981385, 1297, 1370), (8.78965726981385, 1421, 1297), (8.915269457412593, 1203, 1288), (8.78965726981385, 1297, 1553), (9.003786215792477, 721, 672), (8.915269457412593, 1288, 1342), (8.915269457412593, 1201, 1288), (8.915269457412593, 1548, 1288), (8.78965726981385, 1297, 1371), (8.78965726981385, 1553, 1297), (8.78965726981385, 1700, 1297), (8.78965726981385, 1368, 1297), (9.003786215792477, 721, 725), (8.915269457412593, 1288, 1709), (8.915269457412593, 1288, 497), (8.915269457412593, 1294, 1288), (9.003786215792477, 725, 712)]
[(8.915269457412593, 1202, 1288), (8.78965726981385, 1353, 1297), (8.78965726981385, 1356, 1297), (8.78965726981385, 1685, 1297), (9.003786215792477, 712, 668), (8.915269457412593, 1288, 1343), (8.915269457412593, 1288, 1292), (8.78965726981385, 1371, 1297), (8.915269457412593, 1288, 1682), (8.915269457412593, 1288, 1201), (8.915269457412593, 1331, 1288), (8.78965726981385, 1297, 1374), (8.915269457412593, 1288, 1306), (8.78965726981385, 1323, 1297), (8.78965726981385, 1376, 1297), (9.003786215792477, 725, 721), (8.78965726981385, 1297, 1323), (9.003786215792477, 668, 712), (8.915269457412593, 1345, 1288), (9.003786215792477, 672, 721), (8.78965726981385, 1297, 1357), (8.915269457412593, 1288, 1290), (8.915269457412593, 1290, 1288), (8.915269457412593, 1288, 1293), (8.915269457412593, 1292, 1288), (8.915269457412593, 1709, 1288), (9.003786215792477, 712, 721), (9.003786215792477, 725, 668), (9.003786215792477, 712, 725), (8.915269457412593, 1355, 1288), (9.003786215792477, 668, 672), (8.78965726981385, 1370, 1297), (9.003786215792477, 672, 712), (8.915269457412593, 1756, 1288), (8.78965726981385, 1297, 1369), (8.915269457412593, 1291, 1288), (8.915269457412593, 1288, 1294), (8.915269457412593, 1288, 1345), (8.78965726981385, 1297, 1382), (8.915269457412593, 1293, 1288), (8.78965726981385, 1297, 1421), (8.915269457412593, 1288, 1756), (8.78965726981385, 1297, 1296), (8.915269457412593, 1288, 1202), (8.78965726981385, 1297, 1376), (8.915269457412593, 497, 1288), (8.915269457412593, 1288, 1289), (8.915269457412593, 1288, 1291), (9.003786215792477, 712, 672), (8.78965726981385, 1363, 1297), (8.915269457412593, 786, 1288), (8.78965726981385, 1297, 1295), (8.78965726981385, 1297, 1368), (8.915269457412593, 1288, 786), (9.003786215792477, 668, 721), (8.78965726981385, 1297, 1353), (9.003786215792477, 725, 672), (8.78965726981385, 1374, 1297), (8.915269457412593, 1288, 1355), (9.003786215792477, 668, 725), (8.78965726981385, 1382, 1297), (8.915269457412593, 1288, 1331), (8.915269457412593, 1288, 1344), (8.915269457412593, 1288, 1203), (8.78965726981385, 1297, 1363), (8.915269457412593, 1682, 1288), (8.915269457412593, 1474, 1288), (8.915269457412593, 1342, 1288), (9.003786215792477, 672, 725), (9.003786215792477, 721, 668), (8.78965726981385, 1357, 1297), (9.003786215792477, 721, 712), (8.915269457412593, 1288, 1548), (8.915269457412593, 1288, 1474), (8.915269457412593, 1343, 1288), (8.915269457412593, 1344, 1288), (8.915269457412593, 1306, 1288), (9.003786215792477, 672, 668), (8.78965726981385, 1297, 1685), (8.78965726981385, 1369, 1297), (8.915269457412593, 1289, 1288), (8.78965726981385, 1297, 1356), (8.78965726981385, 1297, 1700), (8.78965726981385, 1297, 1370), (8.78965726981385, 1421, 1297), (8.915269457412593, 1203, 1288), (8.78965726981385, 1297, 1553), (9.003786215792477, 721, 672), (8.915269457412593, 1288, 1342), (8.915269457412593, 1201, 1288), (8.915269457412593, 1548, 1288), (8.78965726981385, 1297, 1371), (8.78965726981385, 1553, 1297), (8.78965726981385, 1700, 1297), (8.78965726981385, 1368, 1297), (9.003786215792477, 721, 725), (8.915269457412593, 1288, 1709), (8.915269457412593, 1288, 497), (8.915269457412593, 1294, 1288), (9.003786215792477, 725, 712)]
887 883
887 873
887 832
887 828
883 887
883 873
883 832
883 828
873 887
873 883
873 832
873 828
832 887
832 883
832 873
832 828
828 887
828 883
828 873
828 832
2014 1522
1966 1522
1939 1522
1797 1522
1720 1522
1592 1522
1582 1522
1581 1522
1580 1522
1579 1522
1567 1522
1541 1522
1528 1522
1527 1522
1526 1522
1525 1522
1524 1522
1523 1522
1522 2014
1522 1966
1522 1939
1522 1797
1522 1720
1522 1592
1522 1582
1522 1581
1522 1580
1522 1579
1522 1567
1522 1541
1522 1528
1522 1527
1522 1526
1522 1525
1522 1524
1522 1523
1522 1436
1522 1435
1522 1434
1522 962
1522 624
1436 1522
1435 1522
1434 1522
962 1522
624 1522
1957 1531
1942 1531
1802 1531
1659 1531
1620 1531
1614 1531
1612 1531
1609 1531
1608 1531
1607 1531
1606 1531
1601 1531
1594 1531
1593 1531
1590 1531
1559 1531
1531 1957
1531 1942
1531 1802
1531 1659
1531 1620
1531 1614
1531 1612
1531 1609
1531 1608
1531 1607
1531 1606
1531 1601
1531 1594
1531 1593
1531 1590
1531 1559
1531 1530
1531 1529
Homogeneity: 0.871
Completeness: 0.507
V-measure: 0.641
Rand index: 0.968
ARI: 0.263
MI: 3.223
NMI: 0.641
AMI: 0.397
Cluster accuracy: 0.305
Iteration 9 done.  2206 clusters left.

Next Iteration:  10
New links of clusters:
Nr of links that are equal to one of max values:  14312
[(8.723684231592383, 669, 221), (8.723684231592383, 1247, 2007), (8.723684231592383, 1763, 76), (8.723684231592383, 1969, 1539), (8.723684231592383, 1626, 2151), (8.723684231592383, 1836, 60), (8.723684231592383, 756, 1474), (8.723684231592383, 2061, 2059), (8.723684231592383, 2156, 2041), (8.723684231592383, 1763, 1558), (8.723684231592383, 1922, 1889), (8.723684231592383, 2203, 277), (8.723684231592383, 1922, 1851), (8.723684231592383, 1833, 1153), (8.723684231592383, 636, 848), (8.723684231592383, 1064, 1539), (8.723684231592383, 1558, 1763), (8.723684231592383, 1716, 1836), (8.723684231592383, 1558, 76), (8.723684231592383, 1307, 1682), (8.723684231592383, 1474, 756), (8.723684231592383, 1851, 1922), (8.723684231592383, 1984, 76), (8.723684231592383, 1763, 1985), (8.723684231592383, 536, 179), (8.723684231592383, 1836, 1716), (8.723684231592383, 1985, 1763), (8.723684231592383, 1057, 77), (8.723684231592383, 2156, 2154), (8.723684231592383, 2060, 2059), (8.723684231592383, 1247, 1491), (8.723684231592383, 1307, 1484), (8.723684231592383, 1888, 1889), (8.723684231592383, 1775, 1575), (8.723684231592383, 2041, 2156), (8.723684231592383, 1223, 1809), (8.723684231592383, 636, 833), (9.189628868643709, 571, 53), (8.723684231592383, 1763, 1984), (8.723684231592383, 534, 179), (8.723684231592383, 1065, 1539), (8.723684231592383, 833, 636), (8.723684231592383, 1888, 1851), (8.723684231592383, 1307, 1662), (8.723684231592383, 1575, 1775), (8.723684231592383, 1223, 810), (8.723684231592383, 1851, 1888), (8.723684231592383, 1575, 953), (8.723684231592383, 1716, 36), (8.723684231592383, 1682, 1307), (8.723684231592383, 2104, 152), (8.723684231592383, 1626, 247), (8.723684231592383, 1539, 1959), (8.723684231592383, 1833, 1191), (8.723684231592383, 810, 1809), (8.723684231592383, 2061, 2058), (8.723684231592383, 2007, 1247), (8.723684231592383, 1984, 1763), (8.723684231592383, 2060, 2058), (8.723684231592383, 1484, 1307), (8.723684231592383, 1959, 1539), (8.723684231592383, 1191, 1833), (8.723684231592383, 535, 179), (8.723684231592383, 2059, 2060), (8.723684231592383, 2151, 247), (8.723684231592383, 1986, 1057), (8.723684231592383, 1491, 1247), (8.723684231592383, 1539, 1064), (8.723684231592383, 848, 636), (8.723684231592383, 2154, 2156), (9.189628868643709, 53, 571), (8.723684231592383, 2041, 2154), (8.723684231592383, 2059, 2061), (8.723684231592383, 1985, 76), (8.723684231592383, 756, 177), (8.723684231592383, 1539, 1969), (8.723684231592383, 1307, 1310), (8.723684231592383, 810, 1223), (8.723684231592383, 1539, 1065), (8.723684231592383, 1153, 1833), (8.723684231592383, 2154, 2041), (8.723684231592383, 1809, 810), (8.723684231592383, 1922, 1888), (8.723684231592383, 1716, 60), (8.723684231592383, 1889, 1922), (8.723684231592383, 2058, 2061), (8.723684231592383, 669, 81), (8.723684231592383, 2104, 281), (8.723684231592383, 1474, 177), (8.723684231592383, 1809, 1223), (8.723684231592383, 953, 1575), (8.723684231592383, 1888, 1922), (8.723684231592383, 1057, 1986), (8.723684231592383, 1986, 77), (8.723684231592383, 2151, 1626), (8.723684231592383, 1662, 1307), (8.723684231592383, 2058, 2060), (8.723684231592383, 1310, 1307), (8.723684231592383, 1889, 1888), (8.723684231592383, 1836, 36)]
Overlapping trips in two clusters: 666 221 Trips:  1609 1610
Overlapping trips in two clusters: 931 217 Trips:  1345 1347
[(8.723684231592383, 669, 221), (8.723684231592383, 1247, 2007), (8.723684231592383, 1763, 76), (8.723684231592383, 1969, 1539), (8.723684231592383, 1626, 2151), (8.723684231592383, 1836, 60), (8.723684231592383, 756, 1474), (8.723684231592383, 2061, 2059), (8.723684231592383, 2156, 2041), (8.723684231592383, 1763, 1558), (8.723684231592383, 1922, 1889), (8.723684231592383, 2203, 277), (8.723684231592383, 1922, 1851), (8.723684231592383, 1833, 1153), (8.723684231592383, 636, 848), (8.723684231592383, 1064, 1539), (8.723684231592383, 1558, 1763), (8.723684231592383, 1716, 1836), (8.723684231592383, 1558, 76), (8.723684231592383, 1307, 1682), (8.723684231592383, 1474, 756), (8.723684231592383, 1851, 1922), (8.723684231592383, 1984, 76), (8.723684231592383, 1763, 1985), (8.723684231592383, 536, 179), (8.723684231592383, 1836, 1716), (8.723684231592383, 1985, 1763), (8.723684231592383, 1057, 77), (8.723684231592383, 2156, 2154), (8.723684231592383, 2060, 2059), (8.723684231592383, 1247, 1491), (8.723684231592383, 1307, 1484), (8.723684231592383, 1888, 1889), (8.723684231592383, 1775, 1575), (8.723684231592383, 2041, 2156), (8.723684231592383, 1223, 1809), (8.723684231592383, 636, 833), (9.189628868643709, 571, 53), (8.723684231592383, 1763, 1984), (4.3618421157961915, 534, 179), (8.723684231592383, 1065, 1539), (8.723684231592383, 833, 636), (8.723684231592383, 1888, 1851), (8.723684231592383, 1307, 1662), (8.723684231592383, 1575, 1775), (8.723684231592383, 1223, 810), (8.723684231592383, 1851, 1888), (8.723684231592383, 1575, 953), (8.723684231592383, 1716, 36), (8.723684231592383, 1682, 1307), (8.723684231592383, 2104, 152), (8.723684231592383, 1626, 247), (8.723684231592383, 1539, 1959), (8.723684231592383, 1833, 1191), (8.723684231592383, 810, 1809), (8.723684231592383, 2061, 2058), (8.723684231592383, 2007, 1247), (8.723684231592383, 1984, 1763), (8.723684231592383, 2060, 2058), (8.723684231592383, 1484, 1307), (8.723684231592383, 1959, 1539), (8.723684231592383, 1191, 1833), (8.723684231592383, 535, 179), (8.723684231592383, 2059, 2060), (8.723684231592383, 2151, 247), (8.723684231592383, 1986, 1057), (8.723684231592383, 1491, 1247), (8.723684231592383, 1539, 1064), (8.723684231592383, 848, 636), (8.723684231592383, 2154, 2156), (9.189628868643709, 53, 571), (8.723684231592383, 2041, 2154), (8.723684231592383, 2059, 2061), (8.723684231592383, 1985, 76), (4.3618421157961915, 756, 177), (8.723684231592383, 1539, 1969), (8.723684231592383, 1307, 1310), (8.723684231592383, 810, 1223), (8.723684231592383, 1539, 1065), (8.723684231592383, 1153, 1833), (8.723684231592383, 2154, 2041), (8.723684231592383, 1809, 810), (8.723684231592383, 1922, 1888), (8.723684231592383, 1716, 60), (8.723684231592383, 1889, 1922), (8.723684231592383, 2058, 2061), (8.723684231592383, 669, 81), (8.723684231592383, 2104, 281), (8.723684231592383, 1474, 177), (8.723684231592383, 1809, 1223), (8.723684231592383, 953, 1575), (8.723684231592383, 1888, 1922), (8.723684231592383, 1057, 1986), (8.723684231592383, 1986, 77), (8.723684231592383, 2151, 1626), (8.723684231592383, 1662, 1307), (8.723684231592383, 2058, 2060), (8.723684231592383, 1310, 1307), (8.723684231592383, 1889, 1888), (8.723684231592383, 1836, 36)]
717 61
61 717
2623 354
2566 2563
2566 2443
2563 2566
2563 2443
2558 1923
2558 315
2509 359
2509 186
2464 2462
2464 2461
2463 2462
2463 2461
2462 2464
2462 2463
2461 2464
2461 2463
2443 2566
2443 2563
2405 1488
2378 1277
2378 93
2377 2073
2377 92
2376 2073
2376 92
2356 1829
2338 1829
2272 2231
2272 2230
2272 2168
2231 2272
2231 2230
2230 2272
2230 2231
2230 2168
2168 2272
2168 2230
2152 2023
2152 70
2152 39
2149 1428
2149 1390
2122 1464
2122 1002
2088 1869
2073 2377
2073 2376
2073 1852
2073 92
2023 2152
2023 70
2023 39
1983 1562
1962 1562
1923 2558
1923 315
1869 2088
1869 1171
1852 2073
1852 92
1829 2356
1829 2338
1829 1287
1829 1286
1778 1488
1771 1562
1761 931
1761 217
1565 1562
1562 1983
1562 1962
1562 1771
1562 1565
1488 2405
1488 1778
1464 2122
1464 1002
1428 2149
1390 2149
1287 1829
1286 1829
1277 2378
1277 93
1171 1869
1047 795
1027 795
1002 2122
1002 1464
931 1761
830 280
830 99
795 1047
795 1027
670 221
667 221
931 217
666 221
Homogeneity: 0.869
Completeness: 0.508
V-measure: 0.641
Rand index: 0.968
ARI: 0.263
MI: 3.216
NMI: 0.641
AMI: 0.399
Cluster accuracy: 0.306
Iteration 10 done.  2160 clusters left.

Next Iteration:  11
New links of clusters:
Nr of links that are equal to one of max values:  5760
[(8.213822306295242, 1982, 1980), (8.661555167263444, 212, 206), (8.661555167263444, 212, 61), (8.381828697098841, 333, 327), (8.381828697098841, 327, 391), (8.381828697098841, 327, 337), (8.661555167263444, 256, 142), (8.381828697098841, 416, 327), (8.213822306295242, 1462, 1071), (8.381828697098841, 391, 327), (8.381828697098841, 327, 339), (8.381828697098841, 340, 327), (8.213822306295242, 1549, 1548), (8.381828697098841, 327, 416), (8.381828697098841, 331, 327), (8.381828697098841, 327, 1380), (8.381828697098841, 337, 327), (8.213822306295242, 1983, 1982), (8.381828697098841, 327, 413), (8.213822306295242, 1980, 1982), (8.661555167263444, 62, 212), (8.213822306295242, 1096, 194), (8.381828697098841, 327, 210), (8.213822306295242, 1507, 1549), (8.381828697098841, 328, 327), (8.381828697098841, 327, 334), (8.661555167263444, 61, 212), (8.381828697098841, 412, 327), (8.381828697098841, 327, 404), (8.381828697098841, 327, 330), (8.661555167263444, 142, 256), (8.213822306295242, 1728, 530), (8.381828697098841, 335, 327), (8.661555167263444, 206, 62), (8.381828697098841, 327, 342), (8.661555167263444, 335, 469), (8.213822306295242, 1490, 1462), (8.381828697098841, 360, 327), (8.661555167263444, 61, 62), (8.381828697098841, 327, 336), (8.661555167263444, 235, 512), (8.661555167263444, 206, 212), (8.661555167263444, 212, 62), (8.381828697098841, 338, 327), (8.661555167263444, 469, 335), (8.381828697098841, 365, 327), (8.661555167263444, 504, 224), (8.381828697098841, 316, 327), (8.381828697098841, 327, 485), (8.661555167263444, 61, 206), (8.381828697098841, 327, 328), (8.661555167263444, 62, 61), (8.213822306295242, 1982, 1983), (8.213822306295242, 1873, 70), (8.213822306295242, 1462, 1490), (8.381828697098841, 413, 327), (8.381828697098841, 327, 338), (8.381828697098841, 327, 230), (8.661555167263444, 206, 61), (8.381828697098841, 327, 331), (8.661555167263444, 224, 504), (8.381828697098841, 327, 316), (8.381828697098841, 334, 327), (8.381828697098841, 342, 327), (8.381828697098841, 327, 335), (8.381828697098841, 327, 1064), (8.381828697098841, 329, 327), (8.661555167263444, 62, 206), (8.213822306295242, 1096, 791), (8.381828697098841, 327, 367), (8.381828697098841, 332, 327), (8.661555167263444, 512, 235), (8.381828697098841, 230, 327), (8.381828697098841, 327, 412), (8.381828697098841, 327, 341), (8.381828697098841, 327, 329), (8.381828697098841, 327, 340), (8.381828697098841, 174, 327), (8.213822306295242, 1873, 217), (8.381828697098841, 327, 333), (8.381828697098841, 327, 365), (8.381828697098841, 336, 327), (8.381828697098841, 341, 327), (8.381828697098841, 367, 327), (8.381828697098841, 330, 327), (8.213822306295242, 1490, 1065), (8.381828697098841, 339, 327), (8.381828697098841, 1064, 327), (8.213822306295242, 1948, 78), (8.213822306295242, 1548, 1549), (8.381828697098841, 404, 327), (8.381828697098841, 1380, 327), (8.213822306295242, 1096, 612), (8.381828697098841, 327, 360), (8.213822306295242, 1462, 1065), (8.381828697098841, 210, 327), (8.381828697098841, 327, 174), (8.213822306295242, 1549, 1507), (8.381828697098841, 327, 332), (8.381828697098841, 485, 327)]
[(8.213822306295242, 1982, 1980), (8.661555167263444, 212, 206), (8.661555167263444, 212, 61), (8.381828697098841, 333, 327), (8.381828697098841, 327, 391), (8.381828697098841, 327, 337), (8.661555167263444, 256, 142), (8.381828697098841, 416, 327), (8.213822306295242, 1462, 1071), (8.381828697098841, 391, 327), (8.381828697098841, 327, 339), (8.381828697098841, 340, 327), (8.213822306295242, 1549, 1548), (8.381828697098841, 327, 416), (8.381828697098841, 331, 327), (8.381828697098841, 327, 1380), (8.381828697098841, 337, 327), (8.213822306295242, 1983, 1982), (8.381828697098841, 327, 413), (8.213822306295242, 1980, 1982), (8.661555167263444, 62, 212), (8.213822306295242, 1096, 194), (8.381828697098841, 327, 210), (8.213822306295242, 1507, 1549), (8.381828697098841, 328, 327), (8.381828697098841, 327, 334), (8.661555167263444, 61, 212), (8.381828697098841, 412, 327), (8.381828697098841, 327, 404), (8.381828697098841, 327, 330), (8.661555167263444, 142, 256), (8.213822306295242, 1728, 530), (8.381828697098841, 335, 327), (8.661555167263444, 206, 62), (8.381828697098841, 327, 342), (8.661555167263444, 335, 469), (8.213822306295242, 1490, 1462), (8.381828697098841, 360, 327), (8.661555167263444, 61, 62), (8.381828697098841, 327, 336), (8.661555167263444, 235, 512), (8.661555167263444, 206, 212), (8.661555167263444, 212, 62), (8.381828697098841, 338, 327), (8.661555167263444, 469, 335), (8.381828697098841, 365, 327), (8.661555167263444, 504, 224), (8.381828697098841, 316, 327), (8.381828697098841, 327, 485), (8.661555167263444, 61, 206), (8.381828697098841, 327, 328), (8.661555167263444, 62, 61), (8.213822306295242, 1982, 1983), (8.213822306295242, 1873, 70), (8.213822306295242, 1462, 1490), (8.381828697098841, 413, 327), (8.381828697098841, 327, 338), (8.381828697098841, 327, 230), (8.661555167263444, 206, 61), (8.381828697098841, 327, 331), (8.661555167263444, 224, 504), (8.381828697098841, 327, 316), (8.381828697098841, 334, 327), (8.381828697098841, 342, 327), (8.381828697098841, 327, 335), (8.381828697098841, 327, 1064), (8.381828697098841, 329, 327), (8.661555167263444, 62, 206), (8.213822306295242, 1096, 791), (8.381828697098841, 327, 367), (8.381828697098841, 332, 327), (8.661555167263444, 512, 235), (8.381828697098841, 230, 327), (8.381828697098841, 327, 412), (8.381828697098841, 327, 341), (8.381828697098841, 327, 329), (8.381828697098841, 327, 340), (8.381828697098841, 174, 327), (8.213822306295242, 1873, 217), (8.381828697098841, 327, 333), (8.381828697098841, 327, 365), (8.381828697098841, 336, 327), (8.381828697098841, 341, 327), (8.381828697098841, 367, 327), (8.381828697098841, 330, 327), (8.213822306295242, 1490, 1065), (8.381828697098841, 339, 327), (8.381828697098841, 1064, 327), (8.213822306295242, 1948, 78), (8.213822306295242, 1548, 1549), (8.381828697098841, 404, 327), (8.381828697098841, 1380, 327), (8.213822306295242, 1096, 612), (8.381828697098841, 327, 360), (8.213822306295242, 1462, 1065), (8.381828697098841, 210, 327), (8.381828697098841, 327, 174), (8.213822306295242, 1549, 1507), (8.381828697098841, 327, 332), (8.381828697098841, 485, 327)]
655 312
646 297
603 438
438 603
338 181
312 655
297 646
278 272
278 76
278 75
272 278
272 76
272 75
181 338
76 278
76 272
76 75
75 278
75 272
75 76
1675 429
1302 429
625 429
533 429
530 429
529 429
521 429
507 429
481 429
478 429
471 429
451 429
450 429
448 429
447 429
446 429
444 429
440 429
438 429
437 429
436 429
435 429
434 429
433 429
432 429
430 429
429 1675
429 1302
429 625
429 533
429 530
429 529
429 521
429 507
429 481
429 478
429 471
429 451
429 450
429 448
429 447
429 446
429 444
429 440
429 438
429 437
429 436
429 435
429 434
429 433
429 432
429 430
429 418
429 305
429 276
429 227
418 429
305 429
276 429
227 429
2421 2420
2420 2421
2420 2418
2418 2420
2379 101
2256 286
2256 88
2064 684
1866 1865
1866 1819
1865 1866
1819 1866
1800 1769
1800 1303
1769 1800
1769 1313
1769 1303
1344 992
1344 777
1344 256
Homogeneity: 0.867
Completeness: 0.509
V-measure: 0.641
Rand index: 0.968
ARI: 0.264
MI: 3.207
NMI: 0.641
AMI: 0.403
Cluster accuracy: 0.310
Iteration 11 done.  2109 clusters left.

Next Iteration:  12
New links of clusters:
Nr of links that are equal to one of max values:  4824
[(8.145484476553737, 140, 440), (8.065666284694041, 262, 396), (8.145484476553737, 70, 458), (8.065666284694041, 396, 262), (8.145484476553737, 174, 124), (8.065666284694041, 396, 399), (8.065666284694041, 176, 396), (8.065666284694041, 1445, 396), (8.145484476553737, 833, 750), (8.065666284694041, 396, 390), (8.145484476553737, 140, 480), (8.145484476553737, 347, 78), (8.065666284694041, 396, 393), (8.065666284694041, 396, 472), (8.145484476553737, 750, 833), (8.145484476553737, 480, 481), (8.065666284694041, 184, 396), (8.065666284694041, 396, 414), (8.065666284694041, 310, 396), (8.145484476553737, 65, 750), (8.145484476553737, 205, 458), (8.065666284694041, 395, 396), (8.065666284694041, 396, 413), (8.065666284694041, 400, 396), (8.065666284694041, 396, 397), (8.145484476553737, 893, 70), (8.065666284694041, 389, 396), (8.065666284694041, 472, 396), (8.065666284694041, 366, 396), (8.145484476553737, 205, 70), (8.145484476553737, 73, 444), (8.274777880943477, 6, 385), (8.065666284694041, 396, 378), (8.145484476553737, 70, 893), (8.065666284694041, 396, 412), (8.065666284694041, 394, 396), (8.145484476553737, 481, 440), (8.065666284694041, 396, 326), (8.145484476553737, 458, 205), (8.065666284694041, 390, 396), (8.145484476553737, 78, 288), (8.145484476553737, 750, 65), (8.065666284694041, 414, 396), (8.145484476553737, 205, 893), (8.065666284694041, 396, 411), (8.145484476553737, 140, 481), (8.065666284694041, 396, 184), (8.065666284694041, 396, 420), (8.145484476553737, 441, 419), (8.145484476553737, 65, 833), (8.065666284694041, 420, 396), (8.065666284694041, 391, 396), (8.065666284694041, 399, 396), (8.065666284694041, 397, 396), (8.065666284694041, 393, 396), (8.065666284694041, 396, 176), (8.065666284694041, 396, 991), (8.145484476553737, 480, 140), (8.065666284694041, 991, 396), (8.145484476553737, 141, 73), (8.145484476553737, 444, 141), (8.065666284694041, 392, 396), (8.145484476553737, 70, 205), (8.145484476553737, 481, 480), (8.065666284694041, 413, 396), (8.065666284694041, 317, 396), (8.065666284694041, 396, 317), (8.145484476553737, 133, 121), (8.145484476553737, 73, 141), (8.145484476553737, 440, 481), (8.145484476553737, 419, 441), (8.145484476553737, 121, 133), (8.145484476553737, 458, 893), (8.065666284694041, 396, 392), (8.274777880943477, 385, 6), (8.065666284694041, 396, 1445), (8.145484476553737, 458, 70), (8.065666284694041, 326, 396), (8.065666284694041, 396, 310), (8.145484476553737, 893, 205), (8.145484476553737, 141, 444), (8.145484476553737, 78, 347), (8.065666284694041, 396, 389), (8.145484476553737, 440, 140), (8.065666284694041, 396, 394), (8.145484476553737, 833, 65), (8.145484476553737, 288, 78), (8.065666284694041, 411, 396), (8.145484476553737, 288, 347), (8.065666284694041, 396, 366), (8.065666284694041, 412, 396), (8.145484476553737, 347, 288), (8.065666284694041, 396, 395), (8.145484476553737, 124, 174), (8.065666284694041, 396, 400), (8.145484476553737, 444, 73), (8.145484476553737, 481, 140), (8.065666284694041, 396, 391), (8.145484476553737, 893, 458), (8.065666284694041, 378, 396)]
[(8.145484476553737, 140, 440), (8.065666284694041, 262, 396), (8.145484476553737, 70, 458), (8.065666284694041, 396, 262), (8.145484476553737, 174, 124), (8.065666284694041, 396, 399), (8.065666284694041, 176, 396), (8.065666284694041, 1445, 396), (8.145484476553737, 833, 750), (8.065666284694041, 396, 390), (8.145484476553737, 140, 480), (8.145484476553737, 347, 78), (8.065666284694041, 396, 393), (8.065666284694041, 396, 472), (8.145484476553737, 750, 833), (8.145484476553737, 480, 481), (8.065666284694041, 184, 396), (8.065666284694041, 396, 414), (8.065666284694041, 310, 396), (8.145484476553737, 65, 750), (8.145484476553737, 205, 458), (8.065666284694041, 395, 396), (8.065666284694041, 396, 413), (8.065666284694041, 400, 396), (8.065666284694041, 396, 397), (8.145484476553737, 893, 70), (8.065666284694041, 389, 396), (8.065666284694041, 472, 396), (8.065666284694041, 366, 396), (8.145484476553737, 205, 70), (8.145484476553737, 73, 444), (8.274777880943477, 6, 385), (8.065666284694041, 396, 378), (8.145484476553737, 70, 893), (8.065666284694041, 396, 412), (8.065666284694041, 394, 396), (8.145484476553737, 481, 440), (8.065666284694041, 396, 326), (8.145484476553737, 458, 205), (8.065666284694041, 390, 396), (8.145484476553737, 78, 288), (8.145484476553737, 750, 65), (8.065666284694041, 414, 396), (8.145484476553737, 205, 893), (8.065666284694041, 396, 411), (8.145484476553737, 140, 481), (8.065666284694041, 396, 184), (8.065666284694041, 396, 420), (8.145484476553737, 441, 419), (8.145484476553737, 65, 833), (8.065666284694041, 420, 396), (8.065666284694041, 391, 396), (8.065666284694041, 399, 396), (8.065666284694041, 397, 396), (8.065666284694041, 393, 396), (8.065666284694041, 396, 176), (8.065666284694041, 396, 991), (8.145484476553737, 480, 140), (8.065666284694041, 991, 396), (8.145484476553737, 141, 73), (8.145484476553737, 444, 141), (8.065666284694041, 392, 396), (8.145484476553737, 70, 205), (8.145484476553737, 481, 480), (8.065666284694041, 413, 396), (8.065666284694041, 317, 396), (8.065666284694041, 396, 317), (8.145484476553737, 133, 121), (8.145484476553737, 73, 141), (8.145484476553737, 440, 481), (8.145484476553737, 419, 441), (8.145484476553737, 121, 133), (8.145484476553737, 458, 893), (8.065666284694041, 396, 392), (8.274777880943477, 385, 6), (8.065666284694041, 396, 1445), (8.145484476553737, 458, 70), (8.065666284694041, 326, 396), (8.065666284694041, 396, 310), (8.145484476553737, 893, 205), (8.145484476553737, 141, 444), (8.145484476553737, 78, 347), (8.065666284694041, 396, 389), (8.145484476553737, 440, 140), (8.065666284694041, 396, 394), (8.145484476553737, 833, 65), (8.145484476553737, 288, 78), (8.065666284694041, 411, 396), (8.145484476553737, 288, 347), (8.065666284694041, 396, 366), (8.065666284694041, 412, 396), (8.145484476553737, 347, 288), (8.065666284694041, 396, 395), (8.145484476553737, 124, 174), (8.065666284694041, 396, 400), (8.145484476553737, 444, 73), (8.145484476553737, 481, 140), (8.065666284694041, 396, 391), (8.145484476553737, 893, 458), (8.065666284694041, 378, 396)]
541 7
7 541
1168 637
1168 281
1168 90
1095 994
1095 81
994 1095
994 81
664 663
664 610
664 182
663 664
663 182
637 1168
637 281
637 90
616 183
616 96
611 582
610 664
610 182
582 611
493 393
493 105
393 493
393 105
281 1168
281 637
281 90
232 159
183 616
183 96
182 664
182 663
182 610
170 155
159 232
155 170
105 493
105 393
96 616
96 183
90 1168
90 637
90 281
81 1095
81 994
1803 555
1268 555
652 555
587 555
576 555
574 555
573 555
572 555
559 555
558 555
556 555
555 1803
555 1268
555 652
555 587
555 576
555 574
555 573
555 572
555 559
555 558
555 556
555 554
555 552
555 550
555 549
555 547
555 546
555 545
555 527
555 514
555 462
555 453
555 423
555 363
555 247
555 234
554 555
552 555
550 555
549 555
547 555
546 555
545 555
527 555
514 555
462 555
453 555
423 555
363 555
247 555
234 555
Homogeneity: 0.864
Completeness: 0.509
V-measure: 0.641
Rand index: 0.968
ARI: 0.264
MI: 3.197
NMI: 0.641
AMI: 0.406
Cluster accuracy: 0.311
Iteration 12 done.  2067 clusters left.

Next Iteration:  13
